CenterGearPath
96
0.000 0.014 0.684 34.222 0.000 0.020 0.000 1.063
0.001 0.027 0.684 0.000 0.000 0.020 0.001 1.063
0.002 0.062 1.711 51.333 0.000 0.020 0.002 1.063
0.004 0.110 2.396 34.222 0.000 0.020 0.004 1.063
0.008 0.171 3.080 34.222 0.000 0.020 0.008 1.063
0.012 0.246 3.764 34.222 0.000 0.020 0.012 1.063
0.019 0.335 4.449 34.222 0.000 0.020 0.019 1.063
0.028 0.438 5.133 34.222 0.000 0.020 0.028 1.063
0.039 0.554 5.818 34.222 0.000 0.020 0.039 1.063
0.053 0.684 6.502 34.222 0.000 0.020 0.053 1.063
0.069 0.828 7.187 34.222 0.000 0.020 0.069 1.063
0.089 0.986 7.871 34.222 0.000 0.020 0.089 1.063
0.112 1.157 8.556 34.222 0.000 0.020 0.112 1.063
0.139 1.342 9.240 34.222 0.000 0.020 0.139 1.063
0.170 1.540 9.924 34.222 0.000 0.020 0.170 1.063
0.205 1.752 10.609 34.222 0.000 0.020 0.205 1.063
0.244 1.978 11.293 34.222 0.000 0.020 0.244 1.063
0.289 2.218 11.978 34.222 0.000 0.020 0.289 1.063
0.338 2.464 12.320 17.111 0.000 0.020 0.338 1.063
0.392 2.710 12.320 -0.000 0.000 0.020 0.392 1.063
0.451 2.957 12.320 0.000 0.000 0.020 0.451 1.063
0.515 3.203 12.320 -0.000 0.000 0.020 0.515 1.063
0.584 3.450 12.320 -0.000 0.000 0.020 0.584 1.063
0.658 3.696 12.320 0.000 0.000 0.020 0.658 1.063
0.737 3.942 12.320 0.000 0.000 0.020 0.737 1.063
0.821 4.182 11.978 -17.111 0.000 0.020 0.821 1.063
0.909 4.408 11.293 -34.222 0.000 0.020 0.909 1.063
1.001 4.620 10.609 -34.222 0.000 0.020 1.001 1.063
1.098 4.818 9.924 -34.222 0.000 0.020 1.098 1.063
1.198 5.003 9.240 -34.222 0.000 0.020 1.198 1.063
1.301 5.174 8.556 -34.222 0.000 0.020 1.301 1.063
1.408 5.332 7.871 -34.222 0.000 0.020 1.408 1.063
1.517 5.476 7.187 -34.222 0.000 0.020 1.517 1.063
1.630 5.606 6.502 -34.222 0.000 0.020 1.630 1.063
1.744 5.722 5.818 -34.222 0.000 0.020 1.744 1.063
1.860 5.825 5.133 -34.222 0.000 0.020 1.860 1.063
1.979 5.914 4.449 -34.222 0.000 0.020 1.979 1.063
2.099 5.989 3.764 -34.222 0.000 0.020 2.099 1.063
2.220 6.050 3.080 -34.222 0.000 0.020 2.220 1.063
2.341 6.098 2.396 -34.222 0.000 0.020 2.341 1.063
2.464 6.133 1.711 -34.222 0.000 0.020 2.464 1.063
2.587 6.153 1.027 -34.222 0.000 0.020 2.587 1.063
2.710 6.160 0.342 -34.222 0.000 0.020 2.710 1.063
2.834 6.160 -0.000 -17.111 0.000 0.020 2.834 1.063
2.957 6.160 0.000 0.000 0.000 0.020 2.957 1.063
3.080 6.160 -0.000 -0.000 0.000 0.020 3.080 1.063
3.203 6.160 0.000 0.000 0.000 0.020 3.203 1.063
3.326 6.160 0.000 0.000 0.000 0.020 3.326 1.063
3.450 6.160 0.000 -0.000 0.000 0.020 3.450 1.063
3.573 6.160 0.000 -0.000 0.000 0.020 3.573 1.063
3.696 6.160 0.000 -0.000 0.000 0.020 3.696 1.063
3.819 6.160 0.000 0.000 0.000 0.020 3.819 1.063
3.942 6.158 -0.082 -4.111 0.000 0.020 3.942 1.063
4.065 6.148 -0.507 -21.222 0.000 0.020 4.065 1.063
4.188 6.124 -1.191 -34.222 0.000 0.020 4.188 1.063
4.310 6.087 -1.876 -34.222 0.000 0.020 4.310 1.063
4.430 6.036 -2.560 -34.222 0.000 0.020 4.430 1.063
4.550 5.971 -3.244 -34.222 0.000 0.020 4.550 1.063
4.668 5.892 -3.929 -34.222 0.000 0.020 4.668 1.063
4.784 5.800 -4.613 -34.222 0.000 0.020 4.784 1.063
4.897 5.694 -5.298 -34.222 0.000 0.020 4.897 1.063
5.009 5.574 -5.982 -34.222 0.000 0.020 5.009 1.063
5.118 5.441 -6.667 -34.222 0.000 0.020 5.118 1.063
5.224 5.294 -7.351 -34.222 0.000 0.020 5.224 1.063
5.326 5.133 -8.036 -34.222 0.000 0.020 5.326 1.063
5.425 4.959 -8.720 -34.222 0.000 0.020 5.425 1.063
5.521 4.771 -9.404 -34.222 0.000 0.020 5.521 1.063
5.612 4.569 -10.089 -34.222 0.000 0.020 5.612 1.063
5.699 4.354 -10.773 -34.222 0.000 0.020 5.699 1.063
5.782 4.124 -11.458 -34.222 0.000 0.020 5.782 1.063
5.859 3.883 -12.060 -30.111 0.000 0.020 5.859 1.063
5.932 3.637 -12.320 -13.000 0.000 0.020 5.932 1.063
6.000 3.390 -12.320 0.000 0.000 0.020 6.000 1.063
6.063 3.144 -12.320 -0.000 0.000 0.020 6.063 1.063
6.121 2.898 -12.320 0.000 0.000 0.020 6.121 1.063
6.174 2.651 -12.320 -0.000 0.000 0.020 6.174 1.063
6.222 2.405 -12.320 0.000 0.000 0.020 6.222 1.063
6.265 2.160 -12.238 4.111 0.000 0.020 6.265 1.063
6.304 1.924 -11.813 21.222 0.000 0.020 6.304 1.063
6.338 1.701 -11.129 34.222 0.000 0.020 6.338 1.063
6.368 1.492 -10.444 34.222 0.000 0.020 6.368 1.063
6.393 1.297 -9.760 34.222 0.000 0.020 6.393 1.063
6.416 1.116 -9.076 34.222 0.000 0.020 6.416 1.063
6.435 0.948 -8.391 34.222 0.000 0.020 6.435 1.063
6.451 0.794 -7.707 34.222 0.000 0.020 6.451 1.063
6.464 0.653 -7.022 34.222 0.000 0.020 6.464 1.063
6.474 0.526 -6.338 34.222 0.000 0.020 6.474 1.063
6.482 0.413 -5.653 34.222 0.000 0.020 6.482 1.063
6.489 0.314 -4.969 34.222 0.000 0.020 6.489 1.063
6.493 0.228 -4.284 34.222 0.000 0.020 6.493 1.063
6.496 0.156 -3.600 34.222 0.000 0.020 6.496 1.063
6.498 0.098 -2.916 34.222 0.000 0.020 6.498 1.063
6.499 0.053 -2.231 34.222 0.000 0.020 6.499 1.063
6.500 0.022 -1.547 34.222 0.000 0.020 6.500 1.063
6.500 0.005 -0.862 34.222 0.000 0.020 6.500 1.063
6.500 0.000 -0.260 30.111 0.000 0.020 6.500 1.063
0.000 0.014 0.684 34.222 0.000 0.020 0.000 -1.063
0.001 0.027 0.684 0.000 0.000 0.020 0.001 -1.063
0.002 0.062 1.711 51.333 0.000 0.020 0.002 -1.063
0.004 0.110 2.396 34.222 0.000 0.020 0.004 -1.063
0.008 0.171 3.080 34.222 0.000 0.020 0.008 -1.063
0.012 0.246 3.764 34.222 0.000 0.020 0.012 -1.063
0.019 0.335 4.449 34.222 0.000 0.020 0.019 -1.063
0.028 0.438 5.133 34.222 0.000 0.020 0.028 -1.063
0.039 0.554 5.818 34.222 0.000 0.020 0.039 -1.063
0.053 0.684 6.502 34.222 0.000 0.020 0.053 -1.063
0.069 0.828 7.187 34.222 0.000 0.020 0.069 -1.063
0.089 0.986 7.871 34.222 0.000 0.020 0.089 -1.063
0.112 1.157 8.556 34.222 0.000 0.020 0.112 -1.063
0.139 1.342 9.240 34.222 0.000 0.020 0.139 -1.063
0.170 1.540 9.924 34.222 0.000 0.020 0.170 -1.063
0.205 1.752 10.609 34.222 0.000 0.020 0.205 -1.063
0.244 1.978 11.293 34.222 0.000 0.020 0.244 -1.063
0.289 2.218 11.978 34.222 0.000 0.020 0.289 -1.063
0.338 2.464 12.320 17.111 0.000 0.020 0.338 -1.063
0.392 2.710 12.320 -0.000 0.000 0.020 0.392 -1.063
0.451 2.957 12.320 0.000 0.000 0.020 0.451 -1.063
0.515 3.203 12.320 -0.000 0.000 0.020 0.515 -1.063
0.584 3.450 12.320 -0.000 0.000 0.020 0.584 -1.063
0.658 3.696 12.320 0.000 0.000 0.020 0.658 -1.063
0.737 3.942 12.320 0.000 0.000 0.020 0.737 -1.063
0.821 4.182 11.978 -17.111 0.000 0.020 0.821 -1.063
0.909 4.408 11.293 -34.222 0.000 0.020 0.909 -1.063
1.001 4.620 10.609 -34.222 0.000 0.020 1.001 -1.063
1.098 4.818 9.924 -34.222 0.000 0.020 1.098 -1.063
1.198 5.003 9.240 -34.222 0.000 0.020 1.198 -1.063
1.301 5.174 8.556 -34.222 0.000 0.020 1.301 -1.063
1.408 5.332 7.871 -34.222 0.000 0.020 1.408 -1.063
1.517 5.476 7.187 -34.222 0.000 0.020 1.517 -1.063
1.630 5.606 6.502 -34.222 0.000 0.020 1.630 -1.063
1.744 5.722 5.818 -34.222 0.000 0.020 1.744 -1.063
1.860 5.825 5.133 -34.222 0.000 0.020 1.860 -1.063
1.979 5.914 4.449 -34.222 0.000 0.020 1.979 -1.063
2.099 5.989 3.764 -34.222 0.000 0.020 2.099 -1.063
2.220 6.050 3.080 -34.222 0.000 0.020 2.220 -1.063
2.341 6.098 2.396 -34.222 0.000 0.020 2.341 -1.063
2.464 6.133 1.711 -34.222 0.000 0.020 2.464 -1.063
2.587 6.153 1.027 -34.222 0.000 0.020 2.587 -1.063
2.710 6.160 0.342 -34.222 0.000 0.020 2.710 -1.063
2.834 6.160 -0.000 -17.111 0.000 0.020 2.834 -1.063
2.957 6.160 0.000 0.000 0.000 0.020 2.957 -1.063
3.080 6.160 -0.000 -0.000 0.000 0.020 3.080 -1.063
3.203 6.160 0.000 0.000 0.000 0.020 3.203 -1.063
3.326 6.160 0.000 0.000 0.000 0.020 3.326 -1.063
3.450 6.160 0.000 -0.000 0.000 0.020 3.450 -1.063
3.573 6.160 0.000 -0.000 0.000 0.020 3.573 -1.063
3.696 6.160 0.000 -0.000 0.000 0.020 3.696 -1.063
3.819 6.160 0.000 0.000 0.000 0.020 3.819 -1.063
3.942 6.158 -0.082 -4.111 0.000 0.020 3.942 -1.063
4.065 6.148 -0.507 -21.222 0.000 0.020 4.065 -1.063
4.188 6.124 -1.191 -34.222 0.000 0.020 4.188 -1.063
4.310 6.087 -1.876 -34.222 0.000 0.020 4.310 -1.063
4.430 6.036 -2.560 -34.222 0.000 0.020 4.430 -1.063
4.550 5.971 -3.244 -34.222 0.000 0.020 4.550 -1.063
4.668 5.892 -3.929 -34.222 0.000 0.020 4.668 -1.063
4.784 5.800 -4.613 -34.222 0.000 0.020 4.784 -1.063
4.897 5.694 -5.298 -34.222 0.000 0.020 4.897 -1.063
5.009 5.574 -5.982 -34.222 0.000 0.020 5.009 -1.063
5.118 5.441 -6.667 -34.222 0.000 0.020 5.118 -1.063
5.224 5.294 -7.351 -34.222 0.000 0.020 5.224 -1.063
5.326 5.133 -8.036 -34.222 0.000 0.020 5.326 -1.063
5.425 4.959 -8.720 -34.222 0.000 0.020 5.425 -1.063
5.521 4.771 -9.404 -34.222 0.000 0.020 5.521 -1.063
5.612 4.569 -10.089 -34.222 0.000 0.020 5.612 -1.063
5.699 4.354 -10.773 -34.222 0.000 0.020 5.699 -1.063
5.782 4.124 -11.458 -34.222 0.000 0.020 5.782 -1.063
5.859 3.883 -12.060 -30.111 0.000 0.020 5.859 -1.063
5.932 3.637 -12.320 -13.000 0.000 0.020 5.932 -1.063
6.000 3.390 -12.320 0.000 0.000 0.020 6.000 -1.063
6.063 3.144 -12.320 -0.000 0.000 0.020 6.063 -1.063
6.121 2.898 -12.320 0.000 0.000 0.020 6.121 -1.063
6.174 2.651 -12.320 -0.000 0.000 0.020 6.174 -1.063
6.222 2.405 -12.320 0.000 0.000 0.020 6.222 -1.063
6.265 2.160 -12.238 4.111 0.000 0.020 6.265 -1.063
6.304 1.924 -11.813 21.222 0.000 0.020 6.304 -1.063
6.338 1.701 -11.129 34.222 0.000 0.020 6.338 -1.063
6.368 1.492 -10.444 34.222 0.000 0.020 6.368 -1.063
6.393 1.297 -9.760 34.222 0.000 0.020 6.393 -1.063
6.416 1.116 -9.076 34.222 0.000 0.020 6.416 -1.063
6.435 0.948 -8.391 34.222 0.000 0.020 6.435 -1.063
6.451 0.794 -7.707 34.222 0.000 0.020 6.451 -1.063
6.464 0.653 -7.022 34.222 0.000 0.020 6.464 -1.063
6.474 0.526 -6.338 34.222 0.000 0.020 6.474 -1.063
6.482 0.413 -5.653 34.222 0.000 0.020 6.482 -1.063
6.489 0.314 -4.969 34.222 0.000 0.020 6.489 -1.063
6.493 0.228 -4.284 34.222 0.000 0.020 6.493 -1.063
6.496 0.156 -3.600 34.222 0.000 0.020 6.496 -1.063
6.498 0.098 -2.916 34.222 0.000 0.020 6.498 -1.063
6.499 0.053 -2.231 34.222 0.000 0.020 6.499 -1.063
6.500 0.022 -1.547 34.222 0.000 0.020 6.500 -1.063
6.500 0.005 -0.862 34.222 0.000 0.020 6.500 -1.063
6.500 0.000 -0.260 30.111 0.000 0.020 6.500 -1.063
