HopperPath0
83
0.000 0.019 0.945 47.274 0.000 0.020 0.000 1.063
0.001 0.038 0.945 -0.000 0.000 0.020 0.001 1.063
0.003 0.085 2.364 70.911 0.000 0.020 0.003 1.063
0.006 0.151 3.309 47.274 0.000 0.020 0.006 1.063
0.010 0.236 4.255 47.274 0.000 0.020 0.010 1.063
0.017 0.340 5.200 47.274 0.000 0.020 0.017 1.063
0.026 0.463 6.146 47.274 0.000 0.020 0.026 1.063
0.039 0.605 7.091 47.274 0.000 0.020 0.039 1.063
0.054 0.766 8.037 47.274 0.000 0.020 0.054 1.063
0.073 0.945 8.982 47.274 0.000 0.020 0.073 1.063
0.096 1.144 9.927 47.274 0.000 0.020 0.096 1.063
0.123 1.361 10.873 47.274 0.000 0.020 0.123 1.063
0.155 1.598 11.818 47.274 0.000 0.020 0.155 1.063
0.192 1.853 12.764 47.274 0.000 0.020 0.192 1.063
0.234 2.127 13.709 47.274 0.000 0.020 0.234 1.063
0.283 2.420 14.655 47.274 0.000 0.020 0.283 1.063
0.338 2.732 15.600 47.274 0.000 0.020 0.338 1.063
0.399 3.063 16.546 47.274 0.000 0.020 0.399 1.063
0.467 3.404 17.019 23.637 0.000 0.020 0.467 1.063
0.542 3.744 17.019 -0.000 0.000 0.020 0.542 1.063
0.623 4.084 17.019 -0.000 0.000 0.020 0.623 1.063
0.712 4.425 17.019 -0.000 0.000 0.020 0.712 1.063
0.807 4.765 17.019 0.000 0.000 0.020 0.807 1.063
0.909 5.106 17.019 -0.000 0.000 0.020 0.909 1.063
1.018 5.436 16.546 -23.637 0.000 0.020 1.018 1.063
1.133 5.748 15.600 -47.274 0.000 0.020 1.133 1.063
1.254 6.042 14.655 -47.274 0.000 0.020 1.254 1.063
1.380 6.316 13.709 -47.274 0.000 0.020 1.380 1.063
1.512 6.571 12.764 -47.274 0.000 0.020 1.512 1.063
1.648 6.807 11.818 -47.274 0.000 0.020 1.648 1.063
1.788 7.025 10.873 -47.274 0.000 0.020 1.788 1.063
1.933 7.223 9.927 -47.274 0.000 0.020 1.933 1.063
2.081 7.403 8.982 -47.274 0.000 0.020 2.081 1.063
2.232 7.564 8.037 -47.274 0.000 0.020 2.232 1.063
2.386 7.706 7.091 -47.274 0.000 0.020 2.386 1.063
2.543 7.829 6.146 -47.274 0.000 0.020 2.543 1.063
2.701 7.933 5.200 -47.274 0.000 0.020 2.701 1.063
2.862 8.018 4.255 -47.274 0.000 0.020 2.862 1.063
3.023 8.084 3.309 -47.274 0.000 0.020 3.023 1.063
3.186 8.131 2.364 -47.274 0.000 0.020 3.186 1.063
3.349 8.158 1.327 -51.832 0.000 0.020 3.349 1.063
3.512 8.154 -0.182 -75.469 0.000 0.020 3.512 1.063
3.675 8.122 -1.601 -70.911 0.000 0.020 3.675 1.063
3.836 8.071 -2.546 -47.274 0.000 0.020 3.836 1.063
3.996 8.001 -3.492 -47.274 0.000 0.020 3.996 1.063
4.154 7.912 -4.437 -47.274 0.000 0.020 4.154 1.063
4.311 7.805 -5.382 -47.274 0.000 0.020 4.311 1.063
4.464 7.678 -6.328 -47.274 0.000 0.020 4.464 1.063
4.615 7.533 -7.273 -47.274 0.000 0.020 4.615 1.063
4.762 7.368 -8.219 -47.274 0.000 0.020 4.762 1.063
4.906 7.185 -9.164 -47.274 0.000 0.020 4.906 1.063
5.045 6.983 -10.110 -47.274 0.000 0.020 5.045 1.063
5.181 6.762 -11.055 -47.274 0.000 0.020 5.181 1.063
5.311 6.522 -12.001 -47.274 0.000 0.020 5.311 1.063
5.436 6.263 -12.946 -47.274 0.000 0.020 5.436 1.063
5.556 5.985 -13.892 -47.274 0.000 0.020 5.556 1.063
5.670 5.688 -14.837 -47.274 0.000 0.020 5.670 1.063
5.777 5.373 -15.783 -47.274 0.000 0.020 5.777 1.063
5.878 5.040 -16.637 -42.715 0.000 0.020 5.878 1.063
5.972 4.700 -17.019 -19.078 0.000 0.020 5.972 1.063
6.059 4.359 -17.019 0.000 0.000 0.020 6.059 1.063
6.140 4.019 -17.019 -0.000 0.000 0.020 6.140 1.063
6.213 3.678 -17.019 0.000 0.000 0.020 6.213 1.063
6.280 3.338 -17.019 -0.000 0.000 0.020 6.280 1.063
6.340 3.000 -16.927 4.559 0.000 0.020 6.340 1.063
6.393 2.672 -16.363 28.196 0.000 0.020 6.393 1.063
6.441 2.364 -15.418 47.274 0.000 0.020 6.441 1.063
6.482 2.074 -14.473 47.274 0.000 0.020 6.482 1.063
6.518 1.804 -13.527 47.274 0.000 0.020 6.518 1.063
6.549 1.552 -12.582 47.274 0.000 0.020 6.549 1.063
6.576 1.320 -11.636 47.274 0.000 0.020 6.576 1.063
6.598 1.106 -10.691 47.274 0.000 0.020 6.598 1.063
6.616 0.911 -9.745 47.274 0.000 0.020 6.616 1.063
6.631 0.735 -8.800 47.274 0.000 0.020 6.631 1.063
6.642 0.578 -7.854 47.274 0.000 0.020 6.642 1.063
6.651 0.440 -6.909 47.274 0.000 0.020 6.651 1.063
6.658 0.320 -5.963 47.274 0.000 0.020 6.658 1.063
6.662 0.220 -5.018 47.274 0.000 0.020 6.662 1.063
6.665 0.139 -4.072 47.274 0.000 0.020 6.665 1.063
6.666 0.076 -3.127 47.274 0.000 0.020 6.666 1.063
6.667 0.032 -2.181 47.274 0.000 0.020 6.667 1.063
6.667 0.008 -1.236 47.274 0.000 0.020 6.667 1.063
6.667 0.000 -0.382 42.715 0.000 0.020 6.667 1.063
0.000 0.019 0.945 47.274 0.000 0.020 0.000 -1.063
0.001 0.038 0.945 -0.000 0.000 0.020 0.001 -1.063
0.003 0.085 2.364 70.911 0.000 0.020 0.003 -1.063
0.006 0.151 3.309 47.274 0.000 0.020 0.006 -1.063
0.010 0.236 4.255 47.274 0.000 0.020 0.010 -1.063
0.017 0.340 5.200 47.274 0.000 0.020 0.017 -1.063
0.026 0.463 6.146 47.274 0.000 0.020 0.026 -1.063
0.039 0.605 7.091 47.274 0.000 0.020 0.039 -1.063
0.054 0.766 8.037 47.274 0.000 0.020 0.054 -1.063
0.073 0.945 8.982 47.274 0.000 0.020 0.073 -1.063
0.096 1.144 9.927 47.274 0.000 0.020 0.096 -1.063
0.123 1.361 10.873 47.274 0.000 0.020 0.123 -1.063
0.155 1.598 11.818 47.274 0.000 0.020 0.155 -1.063
0.192 1.853 12.764 47.274 0.000 0.020 0.192 -1.063
0.234 2.127 13.709 47.274 0.000 0.020 0.234 -1.063
0.283 2.420 14.655 47.274 0.000 0.020 0.283 -1.063
0.338 2.732 15.600 47.274 0.000 0.020 0.338 -1.063
0.399 3.063 16.546 47.274 0.000 0.020 0.399 -1.063
0.467 3.404 17.019 23.637 0.000 0.020 0.467 -1.063
0.542 3.744 17.019 -0.000 0.000 0.020 0.542 -1.063
0.623 4.084 17.019 -0.000 0.000 0.020 0.623 -1.063
0.712 4.425 17.019 -0.000 0.000 0.020 0.712 -1.063
0.807 4.765 17.019 0.000 0.000 0.020 0.807 -1.063
0.909 5.106 17.019 -0.000 0.000 0.020 0.909 -1.063
1.018 5.436 16.546 -23.637 0.000 0.020 1.018 -1.063
1.133 5.748 15.600 -47.274 0.000 0.020 1.133 -1.063
1.254 6.042 14.655 -47.274 0.000 0.020 1.254 -1.063
1.380 6.316 13.709 -47.274 0.000 0.020 1.380 -1.063
1.512 6.571 12.764 -47.274 0.000 0.020 1.512 -1.063
1.648 6.807 11.818 -47.274 0.000 0.020 1.648 -1.063
1.788 7.025 10.873 -47.274 0.000 0.020 1.788 -1.063
1.933 7.223 9.927 -47.274 0.000 0.020 1.933 -1.063
2.081 7.403 8.982 -47.274 0.000 0.020 2.081 -1.063
2.232 7.564 8.037 -47.274 0.000 0.020 2.232 -1.063
2.386 7.706 7.091 -47.274 0.000 0.020 2.386 -1.063
2.543 7.829 6.146 -47.274 0.000 0.020 2.543 -1.063
2.701 7.933 5.200 -47.274 0.000 0.020 2.701 -1.063
2.862 8.018 4.255 -47.274 0.000 0.020 2.862 -1.063
3.023 8.084 3.309 -47.274 0.000 0.020 3.023 -1.063
3.186 8.131 2.364 -47.274 0.000 0.020 3.186 -1.063
3.349 8.158 1.327 -51.832 0.000 0.020 3.349 -1.063
3.512 8.154 -0.182 -75.469 0.000 0.020 3.512 -1.063
3.675 8.122 -1.601 -70.911 0.000 0.020 3.675 -1.063
3.836 8.071 -2.546 -47.274 0.000 0.020 3.836 -1.063
3.996 8.001 -3.492 -47.274 0.000 0.020 3.996 -1.063
4.154 7.912 -4.437 -47.274 0.000 0.020 4.154 -1.063
4.311 7.805 -5.382 -47.274 0.000 0.020 4.311 -1.063
4.464 7.678 -6.328 -47.274 0.000 0.020 4.464 -1.063
4.615 7.533 -7.273 -47.274 0.000 0.020 4.615 -1.063
4.762 7.368 -8.219 -47.274 0.000 0.020 4.762 -1.063
4.906 7.185 -9.164 -47.274 0.000 0.020 4.906 -1.063
5.045 6.983 -10.110 -47.274 0.000 0.020 5.045 -1.063
5.181 6.762 -11.055 -47.274 0.000 0.020 5.181 -1.063
5.311 6.522 -12.001 -47.274 0.000 0.020 5.311 -1.063
5.436 6.263 -12.946 -47.274 0.000 0.020 5.436 -1.063
5.556 5.985 -13.892 -47.274 0.000 0.020 5.556 -1.063
5.670 5.688 -14.837 -47.274 0.000 0.020 5.670 -1.063
5.777 5.373 -15.783 -47.274 0.000 0.020 5.777 -1.063
5.878 5.040 -16.637 -42.715 0.000 0.020 5.878 -1.063
5.972 4.700 -17.019 -19.078 0.000 0.020 5.972 -1.063
6.059 4.359 -17.019 0.000 0.000 0.020 6.059 -1.063
6.140 4.019 -17.019 -0.000 0.000 0.020 6.140 -1.063
6.213 3.678 -17.019 0.000 0.000 0.020 6.213 -1.063
6.280 3.338 -17.019 -0.000 0.000 0.020 6.280 -1.063
6.340 3.000 -16.927 4.559 0.000 0.020 6.340 -1.063
6.393 2.672 -16.363 28.196 0.000 0.020 6.393 -1.063
6.441 2.364 -15.418 47.274 0.000 0.020 6.441 -1.063
6.482 2.074 -14.473 47.274 0.000 0.020 6.482 -1.063
6.518 1.804 -13.527 47.274 0.000 0.020 6.518 -1.063
6.549 1.552 -12.582 47.274 0.000 0.020 6.549 -1.063
6.576 1.320 -11.636 47.274 0.000 0.020 6.576 -1.063
6.598 1.106 -10.691 47.274 0.000 0.020 6.598 -1.063
6.616 0.911 -9.745 47.274 0.000 0.020 6.616 -1.063
6.631 0.735 -8.800 47.274 0.000 0.020 6.631 -1.063
6.642 0.578 -7.854 47.274 0.000 0.020 6.642 -1.063
6.651 0.440 -6.909 47.274 0.000 0.020 6.651 -1.063
6.658 0.320 -5.963 47.274 0.000 0.020 6.658 -1.063
6.662 0.220 -5.018 47.274 0.000 0.020 6.662 -1.063
6.665 0.139 -4.072 47.274 0.000 0.020 6.665 -1.063
6.666 0.076 -3.127 47.274 0.000 0.020 6.666 -1.063
6.667 0.032 -2.181 47.274 0.000 0.020 6.667 -1.063
6.667 0.008 -1.236 47.274 0.000 0.020 6.667 -1.063
6.667 0.000 -0.382 42.715 0.000 0.020 6.667 -1.063
