HopperPath1
83
0.000 0.019 0.945 47.272 0.000 0.020 0.000 1.063
0.001 0.038 0.945 -0.000 0.000 0.020 0.001 1.063
0.003 0.085 2.364 70.909 0.000 0.020 0.003 1.063
0.006 0.151 3.309 47.272 0.000 0.020 0.006 1.063
0.010 0.236 4.255 47.272 0.000 0.020 0.010 1.063
0.017 0.340 5.200 47.272 0.000 0.020 0.017 1.063
0.026 0.463 6.145 47.272 0.000 0.020 0.026 1.063
0.039 0.605 7.091 47.272 0.000 0.020 0.039 1.063
0.054 0.766 8.036 47.272 0.000 0.020 0.054 1.063
0.073 0.945 8.982 47.272 0.000 0.020 0.073 1.063
0.096 1.144 9.927 47.272 0.000 0.020 0.096 1.063
0.123 1.361 10.873 47.272 0.000 0.020 0.123 1.063
0.155 1.598 11.818 47.272 0.000 0.020 0.155 1.063
0.192 1.853 12.764 47.272 0.000 0.020 0.192 1.063
0.234 2.127 13.709 47.272 0.000 0.020 0.234 1.063
0.283 2.420 14.654 47.272 0.000 0.020 0.283 1.063
0.338 2.732 15.600 47.272 0.000 0.020 0.338 1.063
0.399 3.063 16.545 47.272 0.000 0.020 0.399 1.063
0.467 3.404 17.018 23.636 0.000 0.020 0.467 1.063
0.542 3.744 17.018 -0.000 0.000 0.020 0.542 1.063
0.623 4.084 17.018 -0.000 0.000 0.020 0.623 1.063
0.712 4.425 17.018 0.000 0.000 0.020 0.712 1.063
0.807 4.765 17.018 0.000 0.000 0.020 0.807 1.063
0.909 5.105 17.018 -0.000 0.000 0.020 0.909 1.063
1.018 5.436 16.545 -23.636 0.000 0.020 1.018 1.063
1.133 5.748 15.600 -47.272 0.000 0.020 1.133 1.063
1.254 6.041 14.654 -47.272 0.000 0.020 1.254 1.063
1.380 6.316 13.709 -47.272 0.000 0.020 1.380 1.063
1.512 6.571 12.764 -47.272 0.000 0.020 1.512 1.063
1.648 6.807 11.818 -47.272 0.000 0.020 1.648 1.063
1.788 7.025 10.873 -47.272 0.000 0.020 1.788 1.063
1.933 7.223 9.927 -47.272 0.000 0.020 1.933 1.063
2.081 7.403 8.982 -47.272 0.000 0.020 2.081 1.063
2.232 7.564 8.036 -47.272 0.000 0.020 2.232 1.063
2.386 7.705 7.091 -47.272 0.000 0.020 2.386 1.063
2.543 7.828 6.145 -47.272 0.000 0.020 2.543 1.063
2.701 7.932 5.200 -47.272 0.000 0.020 2.701 1.063
2.862 8.017 4.255 -47.272 0.000 0.020 2.862 1.063
3.023 8.084 3.309 -47.272 0.000 0.020 3.023 1.063
3.186 8.131 2.364 -47.272 0.000 0.020 3.186 1.063
3.349 8.157 1.327 -51.847 0.000 0.020 3.349 1.063
3.512 8.154 -0.183 -75.483 0.000 0.020 3.512 1.063
3.675 8.122 -1.601 -70.909 0.000 0.020 3.675 1.063
3.836 8.071 -2.547 -47.272 0.000 0.020 3.836 1.063
3.996 8.001 -3.492 -47.272 0.000 0.020 3.996 1.063
4.154 7.912 -4.437 -47.272 0.000 0.020 4.154 1.063
4.310 7.805 -5.383 -47.272 0.000 0.020 4.310 1.063
4.464 7.678 -6.328 -47.272 0.000 0.020 4.464 1.063
4.615 7.532 -7.274 -47.272 0.000 0.020 4.615 1.063
4.762 7.368 -8.219 -47.272 0.000 0.020 4.762 1.063
4.906 7.185 -9.165 -47.272 0.000 0.020 4.906 1.063
5.045 6.983 -10.110 -47.272 0.000 0.020 5.045 1.063
5.181 6.761 -11.056 -47.272 0.000 0.020 5.181 1.063
5.311 6.521 -12.001 -47.272 0.000 0.020 5.311 1.063
5.436 6.263 -12.947 -47.272 0.000 0.020 5.436 1.063
5.556 5.985 -13.892 -47.272 0.000 0.020 5.556 1.063
5.670 5.688 -14.837 -47.272 0.000 0.020 5.670 1.063
5.777 5.372 -15.783 -47.272 0.000 0.020 5.777 1.063
5.878 5.040 -16.637 -42.698 0.000 0.020 5.878 1.063
5.972 4.699 -17.018 -19.062 0.000 0.020 5.972 1.063
6.059 4.359 -17.018 0.000 0.000 0.020 6.059 1.063
6.139 4.018 -17.018 -0.000 0.000 0.020 6.139 1.063
6.213 3.678 -17.018 0.000 0.000 0.020 6.213 1.063
6.280 3.338 -17.018 -0.000 0.000 0.020 6.280 1.063
6.340 2.999 -16.927 4.574 0.000 0.020 6.340 1.063
6.393 2.672 -16.362 28.210 0.000 0.020 6.393 1.063
6.440 2.364 -15.417 47.272 0.000 0.020 6.440 1.063
6.482 2.074 -14.471 47.272 0.000 0.020 6.482 1.063
6.518 1.804 -13.526 47.272 0.000 0.020 6.518 1.063
6.549 1.552 -12.581 47.272 0.000 0.020 6.549 1.063
6.575 1.319 -11.635 47.272 0.000 0.020 6.575 1.063
6.598 1.106 -10.690 47.272 0.000 0.020 6.598 1.063
6.616 0.911 -9.744 47.272 0.000 0.020 6.616 1.063
6.630 0.735 -8.799 47.272 0.000 0.020 6.630 1.063
6.642 0.578 -7.853 47.272 0.000 0.020 6.642 1.063
6.651 0.439 -6.908 47.272 0.000 0.020 6.651 1.063
6.657 0.320 -5.962 47.272 0.000 0.020 6.657 1.063
6.662 0.220 -5.017 47.272 0.000 0.020 6.662 1.063
6.664 0.138 -4.072 47.272 0.000 0.020 6.664 1.063
6.666 0.076 -3.126 47.272 0.000 0.020 6.666 1.063
6.667 0.032 -2.181 47.272 0.000 0.020 6.667 1.063
6.667 0.008 -1.235 47.272 0.000 0.020 6.667 1.063
6.667 0.000 -0.381 42.698 0.000 0.020 6.667 1.063
0.000 0.019 0.945 47.272 0.000 0.020 0.000 -1.063
0.001 0.038 0.945 -0.000 0.000 0.020 0.001 -1.063
0.003 0.085 2.364 70.909 0.000 0.020 0.003 -1.063
0.006 0.151 3.309 47.272 0.000 0.020 0.006 -1.063
0.010 0.236 4.255 47.272 0.000 0.020 0.010 -1.063
0.017 0.340 5.200 47.272 0.000 0.020 0.017 -1.063
0.026 0.463 6.145 47.272 0.000 0.020 0.026 -1.063
0.039 0.605 7.091 47.272 0.000 0.020 0.039 -1.063
0.054 0.766 8.036 47.272 0.000 0.020 0.054 -1.063
0.073 0.945 8.982 47.272 0.000 0.020 0.073 -1.063
0.096 1.144 9.927 47.272 0.000 0.020 0.096 -1.063
0.123 1.361 10.873 47.272 0.000 0.020 0.123 -1.063
0.155 1.598 11.818 47.272 0.000 0.020 0.155 -1.063
0.192 1.853 12.764 47.272 0.000 0.020 0.192 -1.063
0.234 2.127 13.709 47.272 0.000 0.020 0.234 -1.063
0.283 2.420 14.654 47.272 0.000 0.020 0.283 -1.063
0.338 2.732 15.600 47.272 0.000 0.020 0.338 -1.063
0.399 3.063 16.545 47.272 0.000 0.020 0.399 -1.063
0.467 3.404 17.018 23.636 0.000 0.020 0.467 -1.063
0.542 3.744 17.018 -0.000 0.000 0.020 0.542 -1.063
0.623 4.084 17.018 -0.000 0.000 0.020 0.623 -1.063
0.712 4.425 17.018 0.000 0.000 0.020 0.712 -1.063
0.807 4.765 17.018 0.000 0.000 0.020 0.807 -1.063
0.909 5.105 17.018 -0.000 0.000 0.020 0.909 -1.063
1.018 5.436 16.545 -23.636 0.000 0.020 1.018 -1.063
1.133 5.748 15.600 -47.272 0.000 0.020 1.133 -1.063
1.254 6.041 14.654 -47.272 0.000 0.020 1.254 -1.063
1.380 6.316 13.709 -47.272 0.000 0.020 1.380 -1.063
1.512 6.571 12.764 -47.272 0.000 0.020 1.512 -1.063
1.648 6.807 11.818 -47.272 0.000 0.020 1.648 -1.063
1.788 7.025 10.873 -47.272 0.000 0.020 1.788 -1.063
1.933 7.223 9.927 -47.272 0.000 0.020 1.933 -1.063
2.081 7.403 8.982 -47.272 0.000 0.020 2.081 -1.063
2.232 7.564 8.036 -47.272 0.000 0.020 2.232 -1.063
2.386 7.705 7.091 -47.272 0.000 0.020 2.386 -1.063
2.543 7.828 6.145 -47.272 0.000 0.020 2.543 -1.063
2.701 7.932 5.200 -47.272 0.000 0.020 2.701 -1.063
2.862 8.017 4.255 -47.272 0.000 0.020 2.862 -1.063
3.023 8.084 3.309 -47.272 0.000 0.020 3.023 -1.063
3.186 8.131 2.364 -47.272 0.000 0.020 3.186 -1.063
3.349 8.157 1.327 -51.847 0.000 0.020 3.349 -1.063
3.512 8.154 -0.183 -75.483 0.000 0.020 3.512 -1.063
3.675 8.122 -1.601 -70.909 0.000 0.020 3.675 -1.063
3.836 8.071 -2.547 -47.272 0.000 0.020 3.836 -1.063
3.996 8.001 -3.492 -47.272 0.000 0.020 3.996 -1.063
4.154 7.912 -4.437 -47.272 0.000 0.020 4.154 -1.063
4.310 7.805 -5.383 -47.272 0.000 0.020 4.310 -1.063
4.464 7.678 -6.328 -47.272 0.000 0.020 4.464 -1.063
4.615 7.532 -7.274 -47.272 0.000 0.020 4.615 -1.063
4.762 7.368 -8.219 -47.272 0.000 0.020 4.762 -1.063
4.906 7.185 -9.165 -47.272 0.000 0.020 4.906 -1.063
5.045 6.983 -10.110 -47.272 0.000 0.020 5.045 -1.063
5.181 6.761 -11.056 -47.272 0.000 0.020 5.181 -1.063
5.311 6.521 -12.001 -47.272 0.000 0.020 5.311 -1.063
5.436 6.263 -12.947 -47.272 0.000 0.020 5.436 -1.063
5.556 5.985 -13.892 -47.272 0.000 0.020 5.556 -1.063
5.670 5.688 -14.837 -47.272 0.000 0.020 5.670 -1.063
5.777 5.372 -15.783 -47.272 0.000 0.020 5.777 -1.063
5.878 5.040 -16.637 -42.698 0.000 0.020 5.878 -1.063
5.972 4.699 -17.018 -19.062 0.000 0.020 5.972 -1.063
6.059 4.359 -17.018 0.000 0.000 0.020 6.059 -1.063
6.139 4.018 -17.018 -0.000 0.000 0.020 6.139 -1.063
6.213 3.678 -17.018 0.000 0.000 0.020 6.213 -1.063
6.280 3.338 -17.018 -0.000 0.000 0.020 6.280 -1.063
6.340 2.999 -16.927 4.574 0.000 0.020 6.340 -1.063
6.393 2.672 -16.362 28.210 0.000 0.020 6.393 -1.063
6.440 2.364 -15.417 47.272 0.000 0.020 6.440 -1.063
6.482 2.074 -14.471 47.272 0.000 0.020 6.482 -1.063
6.518 1.804 -13.526 47.272 0.000 0.020 6.518 -1.063
6.549 1.552 -12.581 47.272 0.000 0.020 6.549 -1.063
6.575 1.319 -11.635 47.272 0.000 0.020 6.575 -1.063
6.598 1.106 -10.690 47.272 0.000 0.020 6.598 -1.063
6.616 0.911 -9.744 47.272 0.000 0.020 6.616 -1.063
6.630 0.735 -8.799 47.272 0.000 0.020 6.630 -1.063
6.642 0.578 -7.853 47.272 0.000 0.020 6.642 -1.063
6.651 0.439 -6.908 47.272 0.000 0.020 6.651 -1.063
6.657 0.320 -5.962 47.272 0.000 0.020 6.657 -1.063
6.662 0.220 -5.017 47.272 0.000 0.020 6.662 -1.063
6.664 0.138 -4.072 47.272 0.000 0.020 6.664 -1.063
6.666 0.076 -3.126 47.272 0.000 0.020 6.666 -1.063
6.667 0.032 -2.181 47.272 0.000 0.020 6.667 -1.063
6.667 0.008 -1.235 47.272 0.000 0.020 6.667 -1.063
6.667 0.000 -0.381 42.698 0.000 0.020 6.667 -1.063
