JerseyVoltagePath1
64
0.000 0.019 0.953 47.634 0.000 0.020 0.000 1.063
0.001 0.038 0.953 -0.000 0.000 0.020 0.001 1.063
0.003 0.086 2.382 71.450 0.000 0.020 0.003 1.063
0.006 0.152 3.334 47.634 0.000 0.020 0.006 1.063
0.010 0.238 4.287 47.634 0.000 0.020 0.010 1.063
0.017 0.343 5.240 47.634 0.000 0.020 0.017 1.063
0.027 0.467 6.192 47.634 0.000 0.020 0.027 1.063
0.039 0.610 7.145 47.634 0.000 0.020 0.039 1.063
0.054 0.772 8.098 47.634 0.000 0.020 0.054 1.063
0.073 0.953 9.050 47.634 0.000 0.020 0.073 1.063
0.096 1.153 10.003 47.634 0.000 0.020 0.096 1.063
0.124 1.372 10.956 47.634 0.000 0.020 0.124 1.063
0.156 1.610 11.908 47.634 0.000 0.020 0.156 1.063
0.193 1.867 12.861 47.634 0.000 0.020 0.193 1.063
0.236 2.134 13.337 23.817 0.000 0.020 0.236 1.063
0.284 2.401 13.337 -0.000 0.000 0.020 0.284 1.063
0.337 2.667 13.337 -0.000 0.000 0.020 0.337 1.063
0.396 2.934 13.337 -0.000 0.000 0.020 0.396 1.063
0.460 3.191 12.861 -23.817 0.000 0.020 0.460 1.063
0.529 3.430 11.908 -47.634 0.000 0.020 0.529 1.063
0.602 3.649 10.956 -47.634 0.000 0.020 0.602 1.063
0.678 3.849 10.003 -47.634 0.000 0.020 0.678 1.063
0.759 4.030 9.050 -47.634 0.000 0.020 0.759 1.063
0.843 4.192 8.098 -47.634 0.000 0.020 0.843 1.063
0.930 4.335 7.145 -47.634 0.000 0.020 0.930 1.063
1.019 4.458 6.192 -47.634 0.000 0.020 1.019 1.063
1.110 4.563 5.240 -47.634 0.000 0.020 1.110 1.063
1.203 4.649 4.287 -47.634 0.000 0.020 1.203 1.063
1.297 4.716 3.334 -47.634 0.000 0.020 1.297 1.063
1.393 4.763 2.382 -47.634 0.000 0.020 1.393 1.063
1.488 4.792 1.429 -47.634 0.000 0.020 1.488 1.063
1.584 4.794 0.115 -65.722 0.000 0.020 1.584 1.063
1.680 4.770 -1.200 -65.722 0.000 0.020 1.680 1.063
1.774 4.727 -2.153 -47.634 0.000 0.020 1.774 1.063
1.868 4.665 -3.105 -47.634 0.000 0.020 1.868 1.063
1.959 4.584 -4.058 -47.634 0.000 0.020 1.959 1.063
2.049 4.484 -5.011 -47.634 0.000 0.020 2.049 1.063
2.136 4.364 -5.963 -47.634 0.000 0.020 2.136 1.063
2.221 4.226 -6.916 -47.634 0.000 0.020 2.221 1.063
2.302 4.069 -7.869 -47.634 0.000 0.020 2.302 1.063
2.380 3.892 -8.821 -47.634 0.000 0.020 2.380 1.063
2.454 3.697 -9.774 -47.634 0.000 0.020 2.454 1.063
2.524 3.482 -10.727 -47.634 0.000 0.020 2.524 1.063
2.589 3.249 -11.679 -47.634 0.000 0.020 2.589 1.063
2.648 2.996 -12.632 -47.634 0.000 0.020 2.648 1.063
2.703 2.732 -13.223 -29.545 0.000 0.020 2.703 1.063
2.752 2.465 -13.337 -5.728 0.000 0.020 2.752 1.063
2.796 2.198 -13.337 -0.000 0.000 0.020 2.796 1.063
2.835 1.931 -13.337 0.000 0.000 0.020 2.835 1.063
2.868 1.672 -12.976 18.089 0.000 0.020 2.868 1.063
2.897 1.429 -12.138 41.905 0.000 0.020 2.897 1.063
2.921 1.205 -11.185 47.634 0.000 0.020 2.921 1.063
2.941 1.001 -10.232 47.634 0.000 0.020 2.941 1.063
2.957 0.815 -9.279 47.634 0.000 0.020 2.957 1.063
2.970 0.649 -8.327 47.634 0.000 0.020 2.970 1.063
2.980 0.501 -7.374 47.634 0.000 0.020 2.980 1.063
2.988 0.373 -6.421 47.634 0.000 0.020 2.988 1.063
2.993 0.263 -5.469 47.634 0.000 0.020 2.993 1.063
2.997 0.173 -4.516 47.634 0.000 0.020 2.997 1.063
2.999 0.102 -3.563 47.634 0.000 0.020 2.999 1.063
3.000 0.050 -2.611 47.634 0.000 0.020 3.000 1.063
3.000 0.016 -1.658 47.634 0.000 0.020 3.000 1.063
3.000 0.002 -0.705 47.634 0.000 0.020 3.000 1.063
3.000 0.000 -0.115 29.545 0.000 0.020 3.000 1.063
0.000 0.019 0.953 47.634 0.000 0.020 0.000 -1.063
0.001 0.038 0.953 -0.000 0.000 0.020 0.001 -1.063
0.003 0.086 2.382 71.450 0.000 0.020 0.003 -1.063
0.006 0.152 3.334 47.634 0.000 0.020 0.006 -1.063
0.010 0.238 4.287 47.634 0.000 0.020 0.010 -1.063
0.017 0.343 5.240 47.634 0.000 0.020 0.017 -1.063
0.027 0.467 6.192 47.634 0.000 0.020 0.027 -1.063
0.039 0.610 7.145 47.634 0.000 0.020 0.039 -1.063
0.054 0.772 8.098 47.634 0.000 0.020 0.054 -1.063
0.073 0.953 9.050 47.634 0.000 0.020 0.073 -1.063
0.096 1.153 10.003 47.634 0.000 0.020 0.096 -1.063
0.124 1.372 10.956 47.634 0.000 0.020 0.124 -1.063
0.156 1.610 11.908 47.634 0.000 0.020 0.156 -1.063
0.193 1.867 12.861 47.634 0.000 0.020 0.193 -1.063
0.236 2.134 13.337 23.817 0.000 0.020 0.236 -1.063
0.284 2.401 13.337 -0.000 0.000 0.020 0.284 -1.063
0.337 2.667 13.337 -0.000 0.000 0.020 0.337 -1.063
0.396 2.934 13.337 -0.000 0.000 0.020 0.396 -1.063
0.460 3.191 12.861 -23.817 0.000 0.020 0.460 -1.063
0.529 3.430 11.908 -47.634 0.000 0.020 0.529 -1.063
0.602 3.649 10.956 -47.634 0.000 0.020 0.602 -1.063
0.678 3.849 10.003 -47.634 0.000 0.020 0.678 -1.063
0.759 4.030 9.050 -47.634 0.000 0.020 0.759 -1.063
0.843 4.192 8.098 -47.634 0.000 0.020 0.843 -1.063
0.930 4.335 7.145 -47.634 0.000 0.020 0.930 -1.063
1.019 4.458 6.192 -47.634 0.000 0.020 1.019 -1.063
1.110 4.563 5.240 -47.634 0.000 0.020 1.110 -1.063
1.203 4.649 4.287 -47.634 0.000 0.020 1.203 -1.063
1.297 4.716 3.334 -47.634 0.000 0.020 1.297 -1.063
1.393 4.763 2.382 -47.634 0.000 0.020 1.393 -1.063
1.488 4.792 1.429 -47.634 0.000 0.020 1.488 -1.063
1.584 4.794 0.115 -65.722 0.000 0.020 1.584 -1.063
1.680 4.770 -1.200 -65.722 0.000 0.020 1.680 -1.063
1.774 4.727 -2.153 -47.634 0.000 0.020 1.774 -1.063
1.868 4.665 -3.105 -47.634 0.000 0.020 1.868 -1.063
1.959 4.584 -4.058 -47.634 0.000 0.020 1.959 -1.063
2.049 4.484 -5.011 -47.634 0.000 0.020 2.049 -1.063
2.136 4.364 -5.963 -47.634 0.000 0.020 2.136 -1.063
2.221 4.226 -6.916 -47.634 0.000 0.020 2.221 -1.063
2.302 4.069 -7.869 -47.634 0.000 0.020 2.302 -1.063
2.380 3.892 -8.821 -47.634 0.000 0.020 2.380 -1.063
2.454 3.697 -9.774 -47.634 0.000 0.020 2.454 -1.063
2.524 3.482 -10.727 -47.634 0.000 0.020 2.524 -1.063
2.589 3.249 -11.679 -47.634 0.000 0.020 2.589 -1.063
2.648 2.996 -12.632 -47.634 0.000 0.020 2.648 -1.063
2.703 2.732 -13.223 -29.545 0.000 0.020 2.703 -1.063
2.752 2.465 -13.337 -5.728 0.000 0.020 2.752 -1.063
2.796 2.198 -13.337 -0.000 0.000 0.020 2.796 -1.063
2.835 1.931 -13.337 0.000 0.000 0.020 2.835 -1.063
2.868 1.672 -12.976 18.089 0.000 0.020 2.868 -1.063
2.897 1.429 -12.138 41.905 0.000 0.020 2.897 -1.063
2.921 1.205 -11.185 47.634 0.000 0.020 2.921 -1.063
2.941 1.001 -10.232 47.634 0.000 0.020 2.941 -1.063
2.957 0.815 -9.279 47.634 0.000 0.020 2.957 -1.063
2.970 0.649 -8.327 47.634 0.000 0.020 2.970 -1.063
2.980 0.501 -7.374 47.634 0.000 0.020 2.980 -1.063
2.988 0.373 -6.421 47.634 0.000 0.020 2.988 -1.063
2.993 0.263 -5.469 47.634 0.000 0.020 2.993 -1.063
2.997 0.173 -4.516 47.634 0.000 0.020 2.997 -1.063
2.999 0.102 -3.563 47.634 0.000 0.020 2.999 -1.063
3.000 0.050 -2.611 47.634 0.000 0.020 3.000 -1.063
3.000 0.016 -1.658 47.634 0.000 0.020 3.000 -1.063
3.000 0.002 -0.705 47.634 0.000 0.020 3.000 -1.063
3.000 0.000 -0.115 29.545 0.000 0.020 3.000 -1.063
