JerseyVoltagePath
83
0.000 0.019 0.938 46.909 0.000 0.020 0.000 1.063
0.001 0.038 0.938 -0.000 0.000 0.020 0.001 1.063
0.003 0.084 2.345 70.363 0.000 0.020 0.003 1.063
0.006 0.150 3.284 46.909 0.000 0.020 0.006 1.063
0.010 0.235 4.222 46.909 0.000 0.020 0.010 1.063
0.017 0.338 5.160 46.909 0.000 0.020 0.017 1.063
0.026 0.460 6.098 46.909 0.000 0.020 0.026 1.063
0.038 0.600 7.036 46.909 0.000 0.020 0.038 1.063
0.053 0.760 7.975 46.909 0.000 0.020 0.053 1.063
0.072 0.938 8.913 46.909 0.000 0.020 0.072 1.063
0.095 1.135 9.851 46.909 0.000 0.020 0.095 1.063
0.122 1.351 10.789 46.909 0.000 0.020 0.122 1.063
0.154 1.586 11.727 46.909 0.000 0.020 0.154 1.063
0.190 1.839 12.665 46.909 0.000 0.020 0.190 1.063
0.233 2.111 13.604 46.909 0.000 0.020 0.233 1.063
0.281 2.402 14.542 46.909 0.000 0.020 0.281 1.063
0.335 2.711 15.480 46.909 0.000 0.020 0.335 1.063
0.396 3.040 16.418 46.909 0.000 0.020 0.396 1.063
0.463 3.377 16.887 23.454 0.000 0.020 0.463 1.063
0.538 3.715 16.887 0.000 0.000 0.020 0.538 1.063
0.619 4.053 16.887 0.000 0.000 0.020 0.619 1.063
0.706 4.391 16.887 0.000 0.000 0.020 0.706 1.063
0.801 4.728 16.887 0.000 0.000 0.020 0.801 1.063
0.902 5.066 16.887 0.000 0.000 0.020 0.902 1.063
1.010 5.395 16.418 -23.454 0.000 0.020 1.010 1.063
1.124 5.704 15.480 -46.909 0.000 0.020 1.124 1.063
1.244 5.995 14.542 -46.909 0.000 0.020 1.244 1.063
1.370 6.267 13.604 -46.909 0.000 0.020 1.370 1.063
1.500 6.520 12.665 -46.909 0.000 0.020 1.500 1.063
1.635 6.755 11.727 -46.909 0.000 0.020 1.635 1.063
1.774 6.971 10.789 -46.909 0.000 0.020 1.774 1.063
1.918 7.168 9.851 -46.909 0.000 0.020 1.918 1.063
2.065 7.346 8.913 -46.909 0.000 0.020 2.065 1.063
2.215 7.505 7.975 -46.909 0.000 0.020 2.215 1.063
2.368 7.646 7.036 -46.909 0.000 0.020 2.368 1.063
2.523 7.768 6.098 -46.909 0.000 0.020 2.523 1.063
2.681 7.871 5.160 -46.909 0.000 0.020 2.681 1.063
2.840 7.956 4.222 -46.909 0.000 0.020 2.840 1.063
2.996 7.823 -6.638 -542.983 0.004 0.020 2.996 1.063
3.102 5.288 -126.734 -6004.815 0.056 0.020 3.102 1.065
3.169 3.346 -97.133 1480.041 0.145 0.020 3.168 1.071
3.228 2.975 -18.557 3928.835 0.242 0.020 3.227 1.083
3.306 3.862 44.396 3147.616 0.320 0.020 3.301 1.105
3.413 5.358 74.782 1519.324 0.370 0.020 3.402 1.141
3.549 6.806 72.378 -120.224 0.391 0.020 3.528 1.192
3.703 7.711 45.292 -1354.306 0.393 0.020 3.670 1.251
3.887 9.216 75.206 1495.731 0.365 0.020 3.841 1.321
4.104 10.847 81.558 317.613 0.304 0.020 4.046 1.391
4.160 2.760 -404.313 -24293.558 0.392 0.020 4.099 1.408
4.168 0.440 -116.030 14414.127 0.521 0.020 4.106 1.413
4.333 8.249 390.447 25323.863 0.810 0.020 3.980 1.306
4.346 0.657 -379.607 -38502.713 0.950 0.020 3.968 1.302
4.789 22.114 1072.882 72624.473 0.658 0.020 4.274 1.621
4.803 0.720 -1069.709 -107129.572 0.766 0.020 4.288 1.626
4.918 5.727 250.343 66002.626 0.990 0.020 4.213 1.539
5.085 8.353 131.292 -5952.544 0.944 0.020 4.306 1.678
5.360 13.749 269.832 6926.968 0.790 0.020 4.484 1.887
5.406 2.314 -571.794 -42081.300 0.933 0.020 4.457 1.850
5.543 6.832 225.895 39884.473 1.154 0.020 4.387 1.732
5.612 3.460 -168.556 -19722.587 1.176 0.020 4.413 1.796
5.806 9.695 311.729 24014.260 1.074 0.020 4.496 1.971
5.930 6.238 -172.827 -24227.779 1.030 0.020 4.558 2.080
6.076 7.281 52.133 11248.009 0.961 0.020 4.638 2.202
6.177 5.053 -111.383 -8175.841 0.927 0.020 4.697 2.284
6.215 1.881 -158.605 -2361.089 0.946 0.020 4.720 2.314
6.216 0.050 -91.550 3352.757 0.994 0.020 4.720 2.315
6.217 0.062 0.572 4606.093 1.036 0.020 4.721 2.316
6.268 2.535 123.673 6155.074 1.026 0.020 4.746 2.359
6.575 15.370 641.737 25903.181 0.769 0.020 4.938 2.600
6.815 11.988 -169.119 -40542.776 0.571 0.020 5.126 2.749
6.866 2.562 -471.271 -15107.606 0.547 0.020 5.169 2.775
6.941 3.737 58.767 26501.883 0.637 0.020 5.108 2.734
7.070 6.461 136.198 3871.541 0.775 0.020 5.009 2.650
7.192 6.073 -19.443 -7782.056 0.903 0.020 4.928 2.559
7.275 4.182 -94.554 -3755.507 0.992 0.020 4.879 2.491
7.322 2.319 -93.129 71.250 1.043 0.020 4.855 2.452
7.342 1.046 -63.639 1474.484 1.069 0.020 4.845 2.434
7.349 0.350 -34.810 1441.427 1.079 0.020 4.841 2.428
7.351 0.053 -14.859 997.582 1.082 0.020 4.841 2.427
7.351 0.027 -1.288 678.549 1.083 0.020 4.841 2.427
7.352 0.022 -0.237 52.514 1.083 0.020 4.841 2.428
7.352 0.006 -0.827 -29.461 1.083 0.020 4.841 2.428
7.352 0.000 -0.287 27.004 1.083 0.020 4.841 2.428
0.000 0.019 0.938 46.909 0.000 0.020 0.000 -1.063
0.001 0.038 0.938 -0.000 0.000 0.020 0.001 -1.063
0.003 0.084 2.345 70.363 0.000 0.020 0.003 -1.063
0.006 0.150 3.284 46.909 0.000 0.020 0.006 -1.063
0.010 0.235 4.222 46.909 0.000 0.020 0.010 -1.063
0.017 0.338 5.160 46.909 0.000 0.020 0.017 -1.063
0.026 0.460 6.098 46.909 0.000 0.020 0.026 -1.063
0.038 0.600 7.036 46.909 0.000 0.020 0.038 -1.063
0.053 0.760 7.975 46.909 0.000 0.020 0.053 -1.063
0.072 0.938 8.913 46.909 0.000 0.020 0.072 -1.063
0.095 1.135 9.851 46.909 0.000 0.020 0.095 -1.063
0.122 1.351 10.789 46.909 0.000 0.020 0.122 -1.063
0.154 1.586 11.727 46.909 0.000 0.020 0.154 -1.063
0.190 1.839 12.665 46.909 0.000 0.020 0.190 -1.063
0.233 2.111 13.604 46.909 0.000 0.020 0.233 -1.063
0.281 2.402 14.542 46.909 0.000 0.020 0.281 -1.063
0.335 2.711 15.480 46.909 0.000 0.020 0.335 -1.063
0.396 3.040 16.418 46.909 0.000 0.020 0.396 -1.063
0.463 3.377 16.887 23.454 0.000 0.020 0.463 -1.063
0.538 3.715 16.887 0.000 0.000 0.020 0.538 -1.063
0.619 4.053 16.887 0.000 0.000 0.020 0.619 -1.063
0.706 4.391 16.887 0.000 0.000 0.020 0.706 -1.063
0.801 4.728 16.887 0.000 0.000 0.020 0.801 -1.063
0.902 5.066 16.887 0.000 0.000 0.020 0.902 -1.063
1.010 5.395 16.418 -23.454 0.000 0.020 1.010 -1.063
1.124 5.704 15.480 -46.909 0.000 0.020 1.124 -1.063
1.244 5.995 14.542 -46.909 0.000 0.020 1.244 -1.063
1.370 6.267 13.604 -46.909 0.000 0.020 1.370 -1.063
1.500 6.520 12.665 -46.909 0.000 0.020 1.500 -1.063
1.635 6.755 11.727 -46.909 0.000 0.020 1.635 -1.063
1.774 6.971 10.789 -46.909 0.000 0.020 1.774 -1.063
1.918 7.168 9.851 -46.909 0.000 0.020 1.918 -1.063
2.065 7.346 8.913 -46.909 0.000 0.020 2.065 -1.063
2.215 7.505 7.975 -46.909 0.000 0.020 2.215 -1.063
2.368 7.646 7.036 -46.909 0.000 0.020 2.368 -1.063
2.523 7.768 6.098 -46.909 0.000 0.020 2.523 -1.063
2.681 7.871 5.160 -46.909 0.000 0.020 2.681 -1.063
2.840 7.956 4.222 -46.909 0.000 0.020 2.840 -1.063
3.004 8.220 13.205 449.151 0.004 0.020 3.004 -1.062
3.221 10.846 131.331 5906.305 0.056 0.020 3.221 -1.057
3.478 12.835 99.422 -1595.471 0.145 0.020 3.476 -1.031
3.742 13.191 17.816 -4080.274 0.242 0.020 3.735 -0.980
3.986 12.235 -47.803 -3280.953 0.320 0.020 3.970 -0.912
4.199 10.634 -80.044 -1612.062 0.370 0.020 4.170 -0.840
4.380 9.043 -79.575 23.448 0.391 0.020 4.338 -0.772
4.539 7.954 -54.419 1257.833 0.393 0.020 4.485 -0.711
4.663 6.229 -86.247 -1591.394 0.365 0.020 4.600 -0.664
4.750 4.338 -94.564 -415.898 0.304 0.020 4.683 -0.637
4.993 12.127 389.454 24200.910 0.392 0.020 4.911 -0.556
5.275 14.112 99.259 -14509.729 0.521 0.020 5.164 -0.430
5.722 22.361 412.428 15658.450 0.810 0.020 5.519 -0.159
6.009 14.316 -402.244 -40733.628 0.950 0.020 5.697 0.066
6.185 8.834 -274.088 6407.833 0.658 0.020 5.573 -0.060
6.429 12.168 166.693 22039.063 0.766 0.020 5.761 0.094
6.789 18.029 293.024 6316.520 0.990 0.020 5.990 0.373
6.858 3.420 -730.458 -51174.095 0.944 0.020 6.026 0.431
6.909 2.585 -41.745 34435.629 0.790 0.020 5.994 0.391
7.166 12.839 512.695 27722.031 0.933 0.020 6.163 0.584
7.500 16.690 192.598 -16004.863 1.154 0.020 6.330 0.873
7.615 5.745 -547.283 -36994.071 1.176 0.020 6.374 0.979
7.638 1.169 -228.789 15924.723 1.074 0.020 6.364 0.958
7.670 1.616 22.335 12556.222 1.030 0.020 6.380 0.986
7.672 0.104 -75.609 -4897.219 0.961 0.020 6.379 0.984
7.701 1.450 67.315 7146.201 0.927 0.020 6.396 1.007
7.781 3.954 125.190 2893.761 0.946 0.020 6.443 1.071
7.883 5.142 59.398 -3289.627 0.994 0.020 6.501 1.156
7.974 4.525 -30.828 -4511.296 1.036 0.020 6.549 1.233
8.004 1.484 -152.046 -6060.898 1.026 0.020 6.564 1.258
8.241 11.891 520.363 33620.460 0.769 0.020 6.415 1.073
8.421 8.996 -144.753 -33255.824 0.571 0.020 6.275 0.961
8.422 0.026 -448.516 -15188.152 0.547 0.020 6.274 0.960
8.539 5.860 291.724 37012.016 0.637 0.020 6.372 1.026
8.703 8.204 117.164 -8727.990 0.775 0.020 6.497 1.132
8.853 7.473 -36.548 -7685.607 0.903 0.020 6.596 1.243
8.958 5.277 -109.775 -3661.345 0.992 0.020 6.658 1.329
9.021 3.148 -106.490 164.269 1.043 0.020 6.691 1.382
9.054 1.645 -75.133 1567.810 1.069 0.020 6.707 1.411
9.069 0.756 -44.432 1535.090 1.079 0.020 6.715 1.424
9.075 0.304 -22.604 1091.368 1.082 0.020 6.717 1.430
9.077 0.107 -9.859 637.283 1.083 0.020 6.718 1.432
9.078 0.032 -3.755 305.158 1.083 0.020 6.719 1.432
9.078 0.006 -1.290 123.279 1.083 0.020 6.719 1.432
9.078 0.000 -0.303 49.363 1.083 0.020 6.719 1.432
