RightGearPath1
71
0.000 0.013 0.661 33.073 0.000 0.020 0.000 1.063
0.001 0.026 0.661 0.000 0.000 0.020 0.001 1.063
0.002 0.060 1.654 49.609 0.000 0.020 0.002 1.063
0.004 0.106 2.315 33.073 0.000 0.020 0.004 1.063
0.007 0.165 2.977 33.073 0.000 0.020 0.007 1.063
0.012 0.238 3.638 33.073 0.000 0.020 0.012 1.063
0.019 0.324 4.299 33.073 0.000 0.020 0.019 1.063
0.027 0.423 4.961 33.073 0.000 0.020 0.027 1.063
0.038 0.536 5.622 33.073 0.000 0.020 0.038 1.063
0.051 0.661 6.284 33.073 0.000 0.020 0.051 1.063
0.067 0.800 6.945 33.073 0.000 0.020 0.067 1.063
0.086 0.953 7.607 33.073 0.000 0.020 0.086 1.063
0.108 1.118 8.268 33.073 0.000 0.020 0.108 1.063
0.134 1.296 8.930 33.073 0.000 0.020 0.134 1.063
0.164 1.488 9.591 33.073 0.000 0.020 0.164 1.063
0.198 1.693 10.253 33.073 0.000 0.020 0.198 1.063
0.236 1.912 10.914 33.073 0.000 0.020 0.236 1.063
0.279 2.143 11.576 33.073 0.000 0.020 0.279 1.063
0.326 2.375 11.576 0.000 0.000 0.020 0.326 1.063
0.378 2.593 10.914 -33.073 0.000 0.020 0.378 1.063
0.434 2.798 10.253 -33.073 0.000 0.020 0.434 1.063
0.494 2.990 9.591 -33.073 0.000 0.020 0.494 1.063
0.557 3.168 8.930 -33.073 0.000 0.020 0.557 1.063
0.624 3.334 8.268 -33.073 0.000 0.020 0.624 1.063
0.694 3.486 7.607 -33.073 0.000 0.020 0.694 1.063
0.766 3.625 6.945 -33.073 0.000 0.020 0.766 1.063
0.841 3.750 6.284 -33.073 0.000 0.020 0.841 1.063
0.919 3.863 5.622 -33.073 0.000 0.020 0.919 1.063
0.998 3.962 4.961 -33.073 0.000 0.020 0.998 1.063
1.079 4.048 4.299 -33.073 0.000 0.020 1.079 1.063
1.161 4.121 3.638 -33.073 0.000 0.020 1.161 1.063
1.245 4.180 2.977 -33.073 0.000 0.020 1.245 1.063
1.329 4.227 2.315 -33.073 0.000 0.020 1.329 1.063
1.415 4.260 1.654 -33.073 0.000 0.020 1.415 1.063
1.500 4.280 0.991 -33.147 0.000 0.020 1.500 1.063
1.586 4.280 -0.003 -49.683 0.000 0.020 1.586 1.063
1.671 4.260 -0.995 -49.609 0.000 0.020 1.671 1.063
1.756 4.227 -1.657 -33.073 0.000 0.020 1.756 1.063
1.839 4.180 -2.318 -33.073 0.000 0.020 1.839 1.063
1.922 4.121 -2.980 -33.073 0.000 0.020 1.922 1.063
2.002 4.048 -3.641 -33.073 0.000 0.020 2.002 1.063
2.082 3.962 -4.302 -33.073 0.000 0.020 2.082 1.063
2.159 3.862 -4.964 -33.073 0.000 0.020 2.159 1.063
2.234 3.750 -5.625 -33.073 0.000 0.020 2.234 1.063
2.306 3.624 -6.287 -33.073 0.000 0.020 2.306 1.063
2.376 3.485 -6.948 -33.073 0.000 0.020 2.376 1.063
2.443 3.333 -7.610 -33.073 0.000 0.020 2.443 1.063
2.506 3.168 -8.271 -33.073 0.000 0.020 2.506 1.063
2.566 2.989 -8.933 -33.073 0.000 0.020 2.566 1.063
2.622 2.797 -9.594 -33.073 0.000 0.020 2.622 1.063
2.674 2.592 -10.256 -33.073 0.000 0.020 2.674 1.063
2.721 2.374 -10.917 -33.073 0.000 0.020 2.721 1.063
2.764 2.142 -11.576 -32.925 0.000 0.020 2.764 1.063
2.802 1.911 -11.573 0.148 0.000 0.020 2.802 1.063
2.836 1.692 -10.911 33.073 0.000 0.020 2.836 1.063
2.866 1.487 -10.250 33.073 0.000 0.020 2.866 1.063
2.892 1.296 -9.588 33.073 0.000 0.020 2.892 1.063
2.914 1.117 -8.927 33.073 0.000 0.020 2.914 1.063
2.933 0.952 -8.265 33.073 0.000 0.020 2.933 1.063
2.949 0.800 -7.604 33.073 0.000 0.020 2.949 1.063
2.962 0.661 -6.942 33.073 0.000 0.020 2.962 1.063
2.973 0.535 -6.281 33.073 0.000 0.020 2.973 1.063
2.982 0.423 -5.619 33.073 0.000 0.020 2.982 1.063
2.988 0.324 -4.958 33.073 0.000 0.020 2.988 1.063
2.993 0.238 -4.297 33.073 0.000 0.020 2.993 1.063
2.996 0.165 -3.635 33.073 0.000 0.020 2.996 1.063
2.998 0.106 -2.974 33.073 0.000 0.020 2.998 1.063
2.999 0.059 -2.312 33.073 0.000 0.020 2.999 1.063
3.000 0.026 -1.651 33.073 0.000 0.020 3.000 1.063
3.000 0.007 -0.989 33.073 0.000 0.020 3.000 1.063
3.000 0.000 -0.329 32.999 0.000 0.020 3.000 1.063
0.000 0.013 0.661 33.073 0.000 0.020 0.000 -1.063
0.001 0.026 0.661 0.000 0.000 0.020 0.001 -1.063
0.002 0.060 1.654 49.609 0.000 0.020 0.002 -1.063
0.004 0.106 2.315 33.073 0.000 0.020 0.004 -1.063
0.007 0.165 2.977 33.073 0.000 0.020 0.007 -1.063
0.012 0.238 3.638 33.073 0.000 0.020 0.012 -1.063
0.019 0.324 4.299 33.073 0.000 0.020 0.019 -1.063
0.027 0.423 4.961 33.073 0.000 0.020 0.027 -1.063
0.038 0.536 5.622 33.073 0.000 0.020 0.038 -1.063
0.051 0.661 6.284 33.073 0.000 0.020 0.051 -1.063
0.067 0.800 6.945 33.073 0.000 0.020 0.067 -1.063
0.086 0.953 7.607 33.073 0.000 0.020 0.086 -1.063
0.108 1.118 8.268 33.073 0.000 0.020 0.108 -1.063
0.134 1.296 8.930 33.073 0.000 0.020 0.134 -1.063
0.164 1.488 9.591 33.073 0.000 0.020 0.164 -1.063
0.198 1.693 10.253 33.073 0.000 0.020 0.198 -1.063
0.236 1.912 10.914 33.073 0.000 0.020 0.236 -1.063
0.279 2.143 11.576 33.073 0.000 0.020 0.279 -1.063
0.326 2.375 11.576 0.000 0.000 0.020 0.326 -1.063
0.378 2.593 10.914 -33.073 0.000 0.020 0.378 -1.063
0.434 2.798 10.253 -33.073 0.000 0.020 0.434 -1.063
0.494 2.990 9.591 -33.073 0.000 0.020 0.494 -1.063
0.557 3.168 8.930 -33.073 0.000 0.020 0.557 -1.063
0.624 3.334 8.268 -33.073 0.000 0.020 0.624 -1.063
0.694 3.486 7.607 -33.073 0.000 0.020 0.694 -1.063
0.766 3.625 6.945 -33.073 0.000 0.020 0.766 -1.063
0.841 3.750 6.284 -33.073 0.000 0.020 0.841 -1.063
0.919 3.863 5.622 -33.073 0.000 0.020 0.919 -1.063
0.998 3.962 4.961 -33.073 0.000 0.020 0.998 -1.063
1.079 4.048 4.299 -33.073 0.000 0.020 1.079 -1.063
1.161 4.121 3.638 -33.073 0.000 0.020 1.161 -1.063
1.245 4.180 2.977 -33.073 0.000 0.020 1.245 -1.063
1.329 4.227 2.315 -33.073 0.000 0.020 1.329 -1.063
1.415 4.260 1.654 -33.073 0.000 0.020 1.415 -1.063
1.500 4.280 0.991 -33.147 0.000 0.020 1.500 -1.063
1.586 4.280 -0.003 -49.683 0.000 0.020 1.586 -1.063
1.671 4.260 -0.995 -49.609 0.000 0.020 1.671 -1.063
1.756 4.227 -1.657 -33.073 0.000 0.020 1.756 -1.063
1.839 4.180 -2.318 -33.073 0.000 0.020 1.839 -1.063
1.922 4.121 -2.980 -33.073 0.000 0.020 1.922 -1.063
2.002 4.048 -3.641 -33.073 0.000 0.020 2.002 -1.063
2.082 3.962 -4.302 -33.073 0.000 0.020 2.082 -1.063
2.159 3.862 -4.964 -33.073 0.000 0.020 2.159 -1.063
2.234 3.750 -5.625 -33.073 0.000 0.020 2.234 -1.063
2.306 3.624 -6.287 -33.073 0.000 0.020 2.306 -1.063
2.376 3.485 -6.948 -33.073 0.000 0.020 2.376 -1.063
2.443 3.333 -7.610 -33.073 0.000 0.020 2.443 -1.063
2.506 3.168 -8.271 -33.073 0.000 0.020 2.506 -1.063
2.566 2.989 -8.933 -33.073 0.000 0.020 2.566 -1.063
2.622 2.797 -9.594 -33.073 0.000 0.020 2.622 -1.063
2.674 2.592 -10.256 -33.073 0.000 0.020 2.674 -1.063
2.721 2.374 -10.917 -33.073 0.000 0.020 2.721 -1.063
2.764 2.142 -11.576 -32.925 0.000 0.020 2.764 -1.063
2.802 1.911 -11.573 0.148 0.000 0.020 2.802 -1.063
2.836 1.692 -10.911 33.073 0.000 0.020 2.836 -1.063
2.866 1.487 -10.250 33.073 0.000 0.020 2.866 -1.063
2.892 1.296 -9.588 33.073 0.000 0.020 2.892 -1.063
2.914 1.117 -8.927 33.073 0.000 0.020 2.914 -1.063
2.933 0.952 -8.265 33.073 0.000 0.020 2.933 -1.063
2.949 0.800 -7.604 33.073 0.000 0.020 2.949 -1.063
2.962 0.661 -6.942 33.073 0.000 0.020 2.962 -1.063
2.973 0.535 -6.281 33.073 0.000 0.020 2.973 -1.063
2.982 0.423 -5.619 33.073 0.000 0.020 2.982 -1.063
2.988 0.324 -4.958 33.073 0.000 0.020 2.988 -1.063
2.993 0.238 -4.297 33.073 0.000 0.020 2.993 -1.063
2.996 0.165 -3.635 33.073 0.000 0.020 2.996 -1.063
2.998 0.106 -2.974 33.073 0.000 0.020 2.998 -1.063
2.999 0.059 -2.312 33.073 0.000 0.020 2.999 -1.063
3.000 0.026 -1.651 33.073 0.000 0.020 3.000 -1.063
3.000 0.007 -0.989 33.073 0.000 0.020 3.000 -1.063
3.000 0.000 -0.329 32.999 0.000 0.020 3.000 -1.063
