RightGearPath
80
0.000 0.019 0.964 48.203 0.000 0.020 0.000 1.063
0.001 0.039 0.964 -0.000 0.000 0.020 0.001 1.063
0.003 0.087 2.410 72.304 0.000 0.020 0.003 1.063
0.006 0.154 3.374 48.203 0.000 0.020 0.006 1.063
0.011 0.241 4.338 48.203 0.000 0.020 0.011 1.063
0.018 0.347 5.302 48.203 0.000 0.020 0.018 1.063
0.027 0.472 6.266 48.203 0.000 0.020 0.027 1.063
0.039 0.617 7.230 48.203 0.000 0.020 0.039 1.063
0.055 0.781 8.194 48.203 0.000 0.020 0.055 1.063
0.074 0.964 9.159 48.203 0.000 0.020 0.074 1.063
0.098 1.167 10.123 48.203 0.000 0.020 0.098 1.063
0.125 1.388 11.087 48.203 0.000 0.020 0.125 1.063
0.158 1.629 12.051 48.203 0.000 0.020 0.158 1.063
0.196 1.890 13.015 48.203 0.000 0.020 0.196 1.063
0.239 2.169 13.979 48.203 0.000 0.020 0.239 1.063
0.288 2.468 14.943 48.203 0.000 0.020 0.288 1.063
0.344 2.786 15.907 48.203 0.000 0.020 0.344 1.063
0.407 3.124 16.871 48.203 0.000 0.020 0.407 1.063
0.476 3.471 17.353 24.101 0.000 0.020 0.476 1.063
0.552 3.818 17.353 -0.000 0.000 0.020 0.552 1.063
0.636 4.165 17.353 0.000 0.000 0.020 0.636 1.063
0.726 4.512 17.353 -0.000 0.000 0.020 0.726 1.063
0.823 4.849 16.871 -24.101 0.000 0.020 0.823 1.063
0.926 5.167 15.907 -48.203 0.000 0.020 0.926 1.063
1.036 5.466 14.943 -48.203 0.000 0.020 1.036 1.063
1.151 5.746 13.979 -48.203 0.000 0.020 1.151 1.063
1.271 6.006 13.015 -48.203 0.000 0.020 1.271 1.063
1.396 6.247 12.051 -48.203 0.000 0.020 1.396 1.063
1.525 6.469 11.087 -48.203 0.000 0.020 1.525 1.063
1.658 6.671 10.123 -48.203 0.000 0.020 1.658 1.063
1.795 6.854 9.159 -48.203 0.000 0.020 1.795 1.063
1.936 7.018 8.194 -48.203 0.000 0.020 1.936 1.063
2.079 7.163 7.230 -48.203 0.000 0.020 2.079 1.063
2.225 7.288 6.266 -48.203 0.000 0.020 2.225 1.063
2.373 7.394 5.302 -48.203 0.000 0.020 2.373 1.063
2.522 7.481 4.338 -48.203 0.000 0.020 2.522 1.063
2.673 7.549 3.374 -48.203 0.000 0.020 2.673 1.063
2.825 7.597 2.410 -48.203 0.000 0.020 2.825 1.063
2.978 7.626 1.446 -48.203 0.000 0.020 2.978 1.063
3.130 7.628 0.140 -65.286 0.000 0.020 3.130 1.063
3.282 7.605 -1.165 -65.286 0.000 0.020 3.282 1.063
3.434 7.563 -2.129 -48.203 0.000 0.020 3.434 1.063
3.584 7.501 -3.093 -48.203 0.000 0.020 3.584 1.063
3.732 7.420 -4.058 -48.203 0.000 0.020 3.732 1.063
3.878 7.319 -5.022 -48.203 0.000 0.020 3.878 1.063
4.022 7.199 -5.986 -48.203 0.000 0.020 4.022 1.063
4.164 7.060 -6.950 -48.203 0.000 0.020 4.164 1.063
4.302 6.902 -7.914 -48.203 0.000 0.020 4.302 1.063
4.436 6.725 -8.878 -48.203 0.000 0.020 4.436 1.063
4.567 6.528 -9.842 -48.203 0.000 0.020 4.567 1.063
4.693 6.312 -10.806 -48.203 0.000 0.020 4.693 1.063
4.815 6.076 -11.770 -48.203 0.000 0.020 4.815 1.063
4.931 5.822 -12.734 -48.203 0.000 0.020 4.931 1.063
5.042 5.548 -13.698 -48.203 0.000 0.020 5.042 1.063
5.147 5.254 -14.662 -48.203 0.000 0.020 5.147 1.063
5.246 4.942 -15.626 -48.203 0.000 0.020 5.246 1.063
5.338 4.610 -16.590 -48.203 0.000 0.020 5.338 1.063
5.423 4.266 -17.213 -31.119 0.000 0.020 5.423 1.063
5.502 3.919 -17.353 -7.018 0.000 0.020 5.502 1.063
5.573 3.572 -17.353 0.000 0.000 0.020 5.573 1.063
5.638 3.225 -17.353 -0.000 0.000 0.020 5.638 1.063
5.695 2.884 -17.011 17.083 0.000 0.020 5.695 1.063
5.747 2.561 -16.188 41.185 0.000 0.020 5.747 1.063
5.792 2.256 -15.224 48.203 0.000 0.020 5.792 1.063
5.831 1.971 -14.259 48.203 0.000 0.020 5.831 1.063
5.865 1.705 -13.295 48.203 0.000 0.020 5.865 1.063
5.894 1.458 -12.331 48.203 0.000 0.020 5.894 1.063
5.919 1.231 -11.367 48.203 0.000 0.020 5.919 1.063
5.939 1.023 -10.403 48.203 0.000 0.020 5.939 1.063
5.956 0.834 -9.439 48.203 0.000 0.020 5.956 1.063
5.969 0.665 -8.475 48.203 0.000 0.020 5.969 1.063
5.980 0.514 -7.511 48.203 0.000 0.020 5.980 1.063
5.987 0.384 -6.547 48.203 0.000 0.020 5.987 1.063
5.993 0.272 -5.583 48.203 0.000 0.020 5.993 1.063
5.996 0.180 -4.619 48.203 0.000 0.020 5.996 1.063
5.999 0.106 -3.655 48.203 0.000 0.020 5.999 1.063
6.000 0.053 -2.691 48.203 0.000 0.020 6.000 1.063
6.000 0.018 -1.727 48.203 0.000 0.020 6.000 1.063
6.000 0.003 -0.763 48.203 0.000 0.020 6.000 1.063
6.000 0.000 -0.140 31.119 0.000 0.020 6.000 1.063
0.000 0.019 0.964 48.203 0.000 0.020 0.000 -1.063
0.001 0.039 0.964 -0.000 0.000 0.020 0.001 -1.063
0.003 0.087 2.410 72.304 0.000 0.020 0.003 -1.063
0.006 0.154 3.374 48.203 0.000 0.020 0.006 -1.063
0.011 0.241 4.338 48.203 0.000 0.020 0.011 -1.063
0.018 0.347 5.302 48.203 0.000 0.020 0.018 -1.063
0.027 0.472 6.266 48.203 0.000 0.020 0.027 -1.063
0.039 0.617 7.230 48.203 0.000 0.020 0.039 -1.063
0.055 0.781 8.194 48.203 0.000 0.020 0.055 -1.063
0.074 0.964 9.159 48.203 0.000 0.020 0.074 -1.063
0.098 1.167 10.123 48.203 0.000 0.020 0.098 -1.063
0.125 1.388 11.087 48.203 0.000 0.020 0.125 -1.063
0.158 1.629 12.051 48.203 0.000 0.020 0.158 -1.063
0.196 1.890 13.015 48.203 0.000 0.020 0.196 -1.063
0.239 2.169 13.979 48.203 0.000 0.020 0.239 -1.063
0.288 2.468 14.943 48.203 0.000 0.020 0.288 -1.063
0.344 2.786 15.907 48.203 0.000 0.020 0.344 -1.063
0.407 3.124 16.871 48.203 0.000 0.020 0.407 -1.063
0.476 3.471 17.353 24.101 0.000 0.020 0.476 -1.063
0.552 3.818 17.353 -0.000 0.000 0.020 0.552 -1.063
0.636 4.165 17.353 0.000 0.000 0.020 0.636 -1.063
0.726 4.512 17.353 -0.000 0.000 0.020 0.726 -1.063
0.823 4.849 16.871 -24.101 0.000 0.020 0.823 -1.063
0.926 5.167 15.907 -48.203 0.000 0.020 0.926 -1.063
1.036 5.466 14.943 -48.203 0.000 0.020 1.036 -1.063
1.151 5.746 13.979 -48.203 0.000 0.020 1.151 -1.063
1.271 6.006 13.015 -48.203 0.000 0.020 1.271 -1.063
1.396 6.247 12.051 -48.203 0.000 0.020 1.396 -1.063
1.525 6.469 11.087 -48.203 0.000 0.020 1.525 -1.063
1.658 6.671 10.123 -48.203 0.000 0.020 1.658 -1.063
1.795 6.854 9.159 -48.203 0.000 0.020 1.795 -1.063
1.936 7.018 8.194 -48.203 0.000 0.020 1.936 -1.063
2.079 7.163 7.230 -48.203 0.000 0.020 2.079 -1.063
2.225 7.288 6.266 -48.203 0.000 0.020 2.225 -1.063
2.373 7.394 5.302 -48.203 0.000 0.020 2.373 -1.063
2.522 7.481 4.338 -48.203 0.000 0.020 2.522 -1.063
2.673 7.549 3.374 -48.203 0.000 0.020 2.673 -1.063
2.825 7.597 2.410 -48.203 0.000 0.020 2.825 -1.063
2.978 7.626 1.446 -48.203 0.000 0.020 2.978 -1.063
3.130 7.628 0.140 -65.286 0.000 0.020 3.130 -1.063
3.282 7.605 -1.165 -65.286 0.000 0.020 3.282 -1.063
3.434 7.563 -2.129 -48.203 0.000 0.020 3.434 -1.063
3.584 7.501 -3.093 -48.203 0.000 0.020 3.584 -1.063
3.732 7.420 -4.058 -48.203 0.000 0.020 3.732 -1.063
3.878 7.319 -5.022 -48.203 0.000 0.020 3.878 -1.063
4.022 7.199 -5.986 -48.203 0.000 0.020 4.022 -1.063
4.164 7.060 -6.950 -48.203 0.000 0.020 4.164 -1.063
4.302 6.902 -7.914 -48.203 0.000 0.020 4.302 -1.063
4.436 6.725 -8.878 -48.203 0.000 0.020 4.436 -1.063
4.567 6.528 -9.842 -48.203 0.000 0.020 4.567 -1.063
4.693 6.312 -10.806 -48.203 0.000 0.020 4.693 -1.063
4.815 6.076 -11.770 -48.203 0.000 0.020 4.815 -1.063
4.931 5.822 -12.734 -48.203 0.000 0.020 4.931 -1.063
5.042 5.548 -13.698 -48.203 0.000 0.020 5.042 -1.063
5.147 5.254 -14.662 -48.203 0.000 0.020 5.147 -1.063
5.246 4.942 -15.626 -48.203 0.000 0.020 5.246 -1.063
5.338 4.610 -16.590 -48.203 0.000 0.020 5.338 -1.063
5.423 4.266 -17.213 -31.119 0.000 0.020 5.423 -1.063
5.502 3.919 -17.353 -7.018 0.000 0.020 5.502 -1.063
5.573 3.572 -17.353 0.000 0.000 0.020 5.573 -1.063
5.638 3.225 -17.353 -0.000 0.000 0.020 5.638 -1.063
5.695 2.884 -17.011 17.083 0.000 0.020 5.695 -1.063
5.747 2.561 -16.188 41.185 0.000 0.020 5.747 -1.063
5.792 2.256 -15.224 48.203 0.000 0.020 5.792 -1.063
5.831 1.971 -14.259 48.203 0.000 0.020 5.831 -1.063
5.865 1.705 -13.295 48.203 0.000 0.020 5.865 -1.063
5.894 1.458 -12.331 48.203 0.000 0.020 5.894 -1.063
5.919 1.231 -11.367 48.203 0.000 0.020 5.919 -1.063
5.939 1.023 -10.403 48.203 0.000 0.020 5.939 -1.063
5.956 0.834 -9.439 48.203 0.000 0.020 5.956 -1.063
5.969 0.665 -8.475 48.203 0.000 0.020 5.969 -1.063
5.980 0.514 -7.511 48.203 0.000 0.020 5.980 -1.063
5.987 0.384 -6.547 48.203 0.000 0.020 5.987 -1.063
5.993 0.272 -5.583 48.203 0.000 0.020 5.993 -1.063
5.996 0.180 -4.619 48.203 0.000 0.020 5.996 -1.063
5.999 0.106 -3.655 48.203 0.000 0.020 5.999 -1.063
6.000 0.053 -2.691 48.203 0.000 0.020 6.000 -1.063
6.000 0.018 -1.727 48.203 0.000 0.020 6.000 -1.063
6.000 0.003 -0.763 48.203 0.000 0.020 6.000 -1.063
6.000 0.000 -0.140 31.119 0.000 0.020 6.000 -1.063
