RightGearPath0
86
0.000 0.020 0.978 48.889 0.000 0.020 0.000 1.063
0.001 0.039 0.978 -0.000 0.000 0.020 0.001 1.063
0.003 0.088 2.444 73.333 0.000 0.020 0.003 1.063
0.006 0.156 3.422 48.889 0.000 0.020 0.006 1.063
0.011 0.244 4.400 48.889 0.000 0.020 0.011 1.063
0.018 0.352 5.378 48.889 0.000 0.020 0.018 1.063
0.027 0.479 6.356 48.889 0.000 0.020 0.027 1.063
0.040 0.626 7.333 48.889 0.000 0.020 0.040 1.063
0.056 0.792 8.311 48.889 0.000 0.020 0.056 1.063
0.075 0.978 9.289 48.889 0.000 0.020 0.075 1.063
0.099 1.183 10.267 48.889 0.000 0.020 0.099 1.063
0.127 1.408 11.244 48.889 0.000 0.020 0.127 1.063
0.160 1.652 12.222 48.889 0.000 0.020 0.160 1.063
0.198 1.916 13.200 48.889 0.000 0.020 0.198 1.063
0.242 2.200 14.178 48.889 0.000 0.020 0.242 1.063
0.293 2.503 15.156 48.889 0.000 0.020 0.293 1.063
0.349 2.826 16.133 48.889 0.000 0.020 0.349 1.063
0.412 3.168 17.111 48.889 0.000 0.020 0.412 1.063
0.483 3.520 17.600 24.444 0.000 0.020 0.483 1.063
0.560 3.872 17.600 0.000 0.000 0.020 0.560 1.063
0.645 4.224 17.600 -0.000 0.000 0.020 0.645 1.063
0.736 4.576 17.600 -0.000 0.000 0.020 0.736 1.063
0.835 4.928 17.600 0.000 0.000 0.020 0.835 1.063
0.940 5.280 17.600 -0.000 0.000 0.020 0.940 1.063
1.053 5.632 17.600 -0.000 0.000 0.020 1.053 1.063
1.173 5.974 17.111 -24.444 0.000 0.020 1.173 1.063
1.298 6.297 16.133 -48.889 0.000 0.020 1.298 1.063
1.430 6.600 15.156 -48.889 0.000 0.020 1.430 1.063
1.568 6.884 14.178 -48.889 0.000 0.020 1.568 1.063
1.711 7.148 13.200 -48.889 0.000 0.020 1.711 1.063
1.859 7.392 12.222 -48.889 0.000 0.020 1.859 1.063
2.011 7.617 11.244 -48.889 0.000 0.020 2.011 1.063
2.168 7.822 10.267 -48.889 0.000 0.020 2.168 1.063
2.328 8.008 9.289 -48.889 0.000 0.020 2.328 1.063
2.491 8.174 8.311 -48.889 0.000 0.020 2.491 1.063
2.658 8.321 7.333 -48.889 0.000 0.020 2.658 1.063
2.827 8.448 6.356 -48.889 0.000 0.020 2.827 1.063
2.998 8.556 5.378 -48.889 0.000 0.020 2.998 1.063
3.171 8.644 4.400 -48.889 0.000 0.020 3.171 1.063
3.345 8.712 3.422 -48.889 0.000 0.020 3.345 1.063
3.520 8.761 2.444 -48.889 0.000 0.020 3.520 1.063
3.696 8.790 1.467 -48.889 0.000 0.020 3.696 1.063
3.872 8.796 0.300 -58.333 0.000 0.020 3.872 1.063
4.048 8.779 -0.867 -58.333 0.000 0.020 4.048 1.063
4.222 8.742 -1.844 -48.889 0.000 0.020 4.222 1.063
4.396 8.686 -2.822 -48.889 0.000 0.020 4.396 1.063
4.568 8.610 -3.800 -48.889 0.000 0.020 4.568 1.063
4.739 8.514 -4.778 -48.889 0.000 0.020 4.739 1.063
4.907 8.399 -5.756 -48.889 0.000 0.020 4.907 1.063
5.072 8.264 -6.733 -48.889 0.000 0.020 5.072 1.063
5.234 8.110 -7.711 -48.889 0.000 0.020 5.234 1.063
5.393 7.936 -8.689 -48.889 0.000 0.020 5.393 1.063
5.548 7.743 -9.667 -48.889 0.000 0.020 5.548 1.063
5.698 7.530 -10.644 -48.889 0.000 0.020 5.698 1.063
5.844 7.298 -11.622 -48.889 0.000 0.020 5.844 1.063
5.985 7.046 -12.600 -48.889 0.000 0.020 5.985 1.063
6.121 6.774 -13.578 -48.889 0.000 0.020 6.121 1.063
6.250 6.483 -14.556 -48.889 0.000 0.020 6.250 1.063
6.374 6.172 -15.533 -48.889 0.000 0.020 6.374 1.063
6.490 5.842 -16.511 -48.889 0.000 0.020 6.490 1.063
6.600 5.496 -17.300 -39.444 0.000 0.020 6.600 1.063
6.703 5.144 -17.600 -15.000 0.000 0.020 6.703 1.063
6.799 4.792 -17.600 -0.000 0.000 0.020 6.799 1.063
6.888 4.440 -17.600 0.000 0.000 0.020 6.888 1.063
6.970 4.088 -17.600 -0.000 0.000 0.020 6.970 1.063
7.044 3.736 -17.600 0.000 0.000 0.020 7.044 1.063
7.112 3.384 -17.600 0.000 0.000 0.020 7.112 1.063
7.173 3.036 -17.411 9.444 0.000 0.020 7.173 1.063
7.227 2.701 -16.733 33.889 0.000 0.020 7.227 1.063
7.275 2.386 -15.756 48.889 0.000 0.020 7.275 1.063
7.316 2.090 -14.778 48.889 0.000 0.020 7.316 1.063
7.353 1.814 -13.800 48.889 0.000 0.020 7.353 1.063
7.384 1.558 -12.822 48.889 0.000 0.020 7.384 1.063
7.410 1.321 -11.844 48.889 0.000 0.020 7.410 1.063
7.432 1.104 -10.867 48.889 0.000 0.020 7.432 1.063
7.450 0.906 -9.889 48.889 0.000 0.020 7.450 1.063
7.465 0.728 -8.911 48.889 0.000 0.020 7.465 1.063
7.476 0.569 -7.933 48.889 0.000 0.020 7.476 1.063
7.485 0.430 -6.956 48.889 0.000 0.020 7.485 1.063
7.491 0.310 -5.978 48.889 0.000 0.020 7.491 1.063
7.495 0.210 -5.000 48.889 0.000 0.020 7.495 1.063
7.498 0.130 -4.022 48.889 0.000 0.020 7.498 1.063
7.499 0.069 -3.044 48.889 0.000 0.020 7.499 1.063
7.500 0.028 -2.067 48.889 0.000 0.020 7.500 1.063
7.500 0.006 -1.089 48.889 0.000 0.020 7.500 1.063
7.500 0.000 -0.300 39.444 0.000 0.020 7.500 1.063
0.000 0.020 0.978 48.889 0.000 0.020 0.000 -1.063
0.001 0.039 0.978 -0.000 0.000 0.020 0.001 -1.063
0.003 0.088 2.444 73.333 0.000 0.020 0.003 -1.063
0.006 0.156 3.422 48.889 0.000 0.020 0.006 -1.063
0.011 0.244 4.400 48.889 0.000 0.020 0.011 -1.063
0.018 0.352 5.378 48.889 0.000 0.020 0.018 -1.063
0.027 0.479 6.356 48.889 0.000 0.020 0.027 -1.063
0.040 0.626 7.333 48.889 0.000 0.020 0.040 -1.063
0.056 0.792 8.311 48.889 0.000 0.020 0.056 -1.063
0.075 0.978 9.289 48.889 0.000 0.020 0.075 -1.063
0.099 1.183 10.267 48.889 0.000 0.020 0.099 -1.063
0.127 1.408 11.244 48.889 0.000 0.020 0.127 -1.063
0.160 1.652 12.222 48.889 0.000 0.020 0.160 -1.063
0.198 1.916 13.200 48.889 0.000 0.020 0.198 -1.063
0.242 2.200 14.178 48.889 0.000 0.020 0.242 -1.063
0.293 2.503 15.156 48.889 0.000 0.020 0.293 -1.063
0.349 2.826 16.133 48.889 0.000 0.020 0.349 -1.063
0.412 3.168 17.111 48.889 0.000 0.020 0.412 -1.063
0.483 3.520 17.600 24.444 0.000 0.020 0.483 -1.063
0.560 3.872 17.600 0.000 0.000 0.020 0.560 -1.063
0.645 4.224 17.600 -0.000 0.000 0.020 0.645 -1.063
0.736 4.576 17.600 -0.000 0.000 0.020 0.736 -1.063
0.835 4.928 17.600 0.000 0.000 0.020 0.835 -1.063
0.940 5.280 17.600 -0.000 0.000 0.020 0.940 -1.063
1.053 5.632 17.600 -0.000 0.000 0.020 1.053 -1.063
1.173 5.974 17.111 -24.444 0.000 0.020 1.173 -1.063
1.298 6.297 16.133 -48.889 0.000 0.020 1.298 -1.063
1.430 6.600 15.156 -48.889 0.000 0.020 1.430 -1.063
1.568 6.884 14.178 -48.889 0.000 0.020 1.568 -1.063
1.711 7.148 13.200 -48.889 0.000 0.020 1.711 -1.063
1.859 7.392 12.222 -48.889 0.000 0.020 1.859 -1.063
2.011 7.617 11.244 -48.889 0.000 0.020 2.011 -1.063
2.168 7.822 10.267 -48.889 0.000 0.020 2.168 -1.063
2.328 8.008 9.289 -48.889 0.000 0.020 2.328 -1.063
2.491 8.174 8.311 -48.889 0.000 0.020 2.491 -1.063
2.658 8.321 7.333 -48.889 0.000 0.020 2.658 -1.063
2.827 8.448 6.356 -48.889 0.000 0.020 2.827 -1.063
2.998 8.556 5.378 -48.889 0.000 0.020 2.998 -1.063
3.171 8.644 4.400 -48.889 0.000 0.020 3.171 -1.063
3.345 8.712 3.422 -48.889 0.000 0.020 3.345 -1.063
3.520 8.761 2.444 -48.889 0.000 0.020 3.520 -1.063
3.696 8.790 1.467 -48.889 0.000 0.020 3.696 -1.063
3.872 8.796 0.300 -58.333 0.000 0.020 3.872 -1.063
4.048 8.779 -0.867 -58.333 0.000 0.020 4.048 -1.063
4.222 8.742 -1.844 -48.889 0.000 0.020 4.222 -1.063
4.396 8.686 -2.822 -48.889 0.000 0.020 4.396 -1.063
4.568 8.610 -3.800 -48.889 0.000 0.020 4.568 -1.063
4.739 8.514 -4.778 -48.889 0.000 0.020 4.739 -1.063
4.907 8.399 -5.756 -48.889 0.000 0.020 4.907 -1.063
5.072 8.264 -6.733 -48.889 0.000 0.020 5.072 -1.063
5.234 8.110 -7.711 -48.889 0.000 0.020 5.234 -1.063
5.393 7.936 -8.689 -48.889 0.000 0.020 5.393 -1.063
5.548 7.743 -9.667 -48.889 0.000 0.020 5.548 -1.063
5.698 7.530 -10.644 -48.889 0.000 0.020 5.698 -1.063
5.844 7.298 -11.622 -48.889 0.000 0.020 5.844 -1.063
5.985 7.046 -12.600 -48.889 0.000 0.020 5.985 -1.063
6.121 6.774 -13.578 -48.889 0.000 0.020 6.121 -1.063
6.250 6.483 -14.556 -48.889 0.000 0.020 6.250 -1.063
6.374 6.172 -15.533 -48.889 0.000 0.020 6.374 -1.063
6.490 5.842 -16.511 -48.889 0.000 0.020 6.490 -1.063
6.600 5.496 -17.300 -39.444 0.000 0.020 6.600 -1.063
6.703 5.144 -17.600 -15.000 0.000 0.020 6.703 -1.063
6.799 4.792 -17.600 -0.000 0.000 0.020 6.799 -1.063
6.888 4.440 -17.600 0.000 0.000 0.020 6.888 -1.063
6.970 4.088 -17.600 -0.000 0.000 0.020 6.970 -1.063
7.044 3.736 -17.600 0.000 0.000 0.020 7.044 -1.063
7.112 3.384 -17.600 0.000 0.000 0.020 7.112 -1.063
7.173 3.036 -17.411 9.444 0.000 0.020 7.173 -1.063
7.227 2.701 -16.733 33.889 0.000 0.020 7.227 -1.063
7.275 2.386 -15.756 48.889 0.000 0.020 7.275 -1.063
7.316 2.090 -14.778 48.889 0.000 0.020 7.316 -1.063
7.353 1.814 -13.800 48.889 0.000 0.020 7.353 -1.063
7.384 1.558 -12.822 48.889 0.000 0.020 7.384 -1.063
7.410 1.321 -11.844 48.889 0.000 0.020 7.410 -1.063
7.432 1.104 -10.867 48.889 0.000 0.020 7.432 -1.063
7.450 0.906 -9.889 48.889 0.000 0.020 7.450 -1.063
7.465 0.728 -8.911 48.889 0.000 0.020 7.465 -1.063
7.476 0.569 -7.933 48.889 0.000 0.020 7.476 -1.063
7.485 0.430 -6.956 48.889 0.000 0.020 7.485 -1.063
7.491 0.310 -5.978 48.889 0.000 0.020 7.491 -1.063
7.495 0.210 -5.000 48.889 0.000 0.020 7.495 -1.063
7.498 0.130 -4.022 48.889 0.000 0.020 7.498 -1.063
7.499 0.069 -3.044 48.889 0.000 0.020 7.499 -1.063
7.500 0.028 -2.067 48.889 0.000 0.020 7.500 -1.063
7.500 0.006 -1.089 48.889 0.000 0.020 7.500 -1.063
7.500 0.000 -0.300 39.444 0.000 0.020 7.500 -1.063
